" File: Zeller\sep29\al008 15000ms no sample 2.S
" SCOPE->  Wave:647.21nm  Pix:1050  Val:152.623  Time:15000ms  Avg:1  Sm:0  Sg:0  Tc:on  SNAP  Xt:1  Ch:1  Xtrig
174.89  2.2344E+001
175.32  6.3436E+000
175.75  -6.6564E+000
176.19  -7.6564E+000
176.62  -3.3656E+001
177.05  -3.4656E+001
177.48  -2.1656E+001
177.91  -1.2656E+001
178.34  3.4360E-001
178.78  9.3436E+000
179.21  1.6344E+001
179.64  2.0344E+001
180.07  2.2344E+001
180.51  3.0623E+001
180.94  2.7623E+001
181.37  2.2623E+001
181.80  9.6229E+000
182.23  2.2623E+001
182.67  1.5623E+001
183.10  2.3623E+001
183.53  1.2623E+001
183.96  3.9623E+001
184.40  3.6623E+001
184.83  2.3623E+001
185.26  4.7623E+001
185.69  6.5623E+001
186.13  6.1623E+001
186.56  7.2623E+001
186.99  5.8623E+001
187.42  4.4623E+001
187.86  3.2623E+001
188.29  3.2623E+001
188.72  4.1623E+001
189.16  4.1623E+001
189.59  3.7623E+001
190.02  3.4623E+001
190.45  9.6229E+000
190.89  -1.0377E+001
191.32  -5.3771E+000
191.75  5.6229E+000
192.19  -1.8377E+001
192.62  -1.1377E+001
193.05  2.1623E+001
193.49  1.2623E+001
193.92  1.0623E+001
194.35  3.2623E+001
194.79  3.4623E+001
195.22  5.1623E+001
195.65  8.6623E+001
196.09  1.0362E+002
196.52  9.6623E+001
196.95  8.8623E+001
197.39  8.9623E+001
197.82  9.0623E+001
198.25  8.5623E+001
198.69  6.8623E+001
199.12  4.1623E+001
199.56  4.5623E+001
199.99  7.0623E+001
200.42  6.6623E+001
200.86  7.2623E+001
201.29  8.0623E+001
201.73  7.4623E+001
202.16  9.1623E+001
202.59  1.2162E+002
203.03  1.3362E+002
203.46  1.3162E+002
203.90  9.6623E+001
204.33  9.4623E+001
204.76  1.1862E+002
205.20  1.3162E+002
205.63  9.8623E+001
206.07  7.4623E+001
206.50  8.3623E+001
206.94  8.8623E+001
207.37  8.8623E+001
207.80  9.8623E+001
208.24  7.7623E+001
208.67  6.6623E+001
209.11  7.9623E+001
209.54  8.3623E+001
209.98  9.1623E+001
210.41  1.1462E+002
210.85  9.2623E+001
211.28  8.7623E+001
211.72  1.1262E+002
212.15  9.2623E+001
212.59  8.1623E+001
213.02  7.2623E+001
213.45  6.9623E+001
213.89  5.8623E+001
214.32  8.8623E+001
214.76  1.0162E+002
215.19  8.4623E+001
215.63  9.2623E+001
216.07  1.0762E+002
216.50  1.0662E+002
216.94  9.1623E+001
217.37  8.8623E+001
217.81  9.5623E+001
218.24  8.5623E+001
218.68  9.8623E+001
219.11  1.0162E+002
219.55  1.2762E+002
219.98  1.2162E+002
220.42  1.4162E+002
220.85  1.1562E+002
221.29  1.0562E+002
221.72  9.2623E+001
222.16  7.2623E+001
222.60  4.0623E+001
223.03  3.5623E+001
223.47  5.7623E+001
223.90  4.4623E+001
224.34  2.8623E+001
224.78  3.4623E+001
225.21  6.5623E+001
225.65  4.2623E+001
226.08  5.5623E+001
226.52  3.9623E+001
226.95  5.2623E+001
227.39  2.3623E+001
227.83  3.8623E+001
228.26  1.4623E+001
228.70  1.5623E+001
229.14  3.6623E+001
229.57  3.3623E+001
230.01  1.2623E+001
230.44  1.7623E+001
230.88  1.5623E+001
231.32  3.7623E+001
231.75  3.1623E+001
232.19  4.1623E+001
232.63  5.0623E+001
233.06  3.8623E+001
233.50  3.8623E+001
233.94  3.8623E+001
234.37  5.6229E+000
234.81  1.6623E+001
235.25  4.9623E+001
235.68  4.3623E+001
236.12  5.6229E+000
236.56  1.3623E+001
236.99  2.2623E+001
237.43  3.0623E+001
237.87  4.5623E+001
238.30  4.7623E+001
238.74  3.8623E+001
239.18  3.1623E+001
239.61  5.7623E+001
240.05  4.3623E+001
240.49  3.3623E+001
240.93  1.2623E+001
241.36  3.0623E+001
241.80  2.5623E+001
242.24  6.2290E-001
242.68  1.9623E+001
243.11  5.0623E+001
243.55  1.9623E+001
243.99  1.3623E+001
244.42  3.8623E+001
244.86  5.7623E+001
245.30  3.3623E+001
245.74  4.5623E+001
246.18  4.8623E+001
246.61  2.9623E+001
247.05  1.0623E+001
247.49  2.3623E+001
247.93  3.7623E+001
248.36  3.7623E+001
248.80  5.4623E+001
249.24  7.3623E+001
249.68  5.4623E+001
250.11  4.5623E+001
250.55  5.2623E+001
250.99  4.9623E+001
251.43  4.4623E+001
251.87  4.0623E+001
252.31  3.9623E+001
252.74  2.4623E+001
253.18  2.7623E+001
253.62  4.5623E+001
254.06  4.0623E+001
254.50  4.3623E+001
254.93  4.7623E+001
255.37  1.6623E+001
255.81  2.2623E+001
256.25  2.0623E+001
256.69  1.6229E+000
257.13  1.6229E+000
257.56  -1.2377E+001
258.00  -1.4377E+001
258.44  -1.0377E+001
258.88  -4.3771E+000
259.32  -3.3771E+000
259.76  8.6229E+000
260.20  2.9623E+001
260.64  2.7623E+001
261.07  4.2623E+001
261.51  3.5623E+001
261.95  3.6623E+001
262.39  2.8623E+001
262.83  5.9623E+001
263.27  4.3623E+001
263.71  3.0623E+001
264.15  5.9623E+001
264.59  5.0623E+001
265.02  6.1623E+001
265.46  5.3623E+001
265.90  4.9623E+001
266.34  4.2623E+001
266.78  2.8623E+001
267.22  2.7623E+001
267.66  3.7623E+001
268.10  2.9623E+001
268.54  3.8623E+001
268.98  4.3623E+001
269.42  4.0623E+001
269.86  3.9623E+001
270.30  1.4623E+001
270.74  1.1623E+001
271.18  1.7623E+001
271.62  2.9623E+001
272.06  4.9623E+001
272.50  5.3623E+001
272.94  5.4623E+001
273.37  7.6623E+001
273.81  9.4623E+001
274.25  8.9623E+001
274.69  8.6623E+001
275.13  7.2623E+001
275.57  6.2623E+001
276.01  4.1623E+001
276.45  4.8623E+001
276.89  6.8623E+001
277.33  5.5623E+001
277.77  2.3623E+001
278.21  2.3623E+001
278.65  2.0623E+001
279.10  4.6229E+000
279.54  1.4623E+001
279.98  3.2623E+001
280.42  3.9623E+001
280.86  3.4623E+001
281.30  4.8623E+001
281.74  6.6623E+001
282.18  8.4623E+001
282.62  1.1362E+002
283.06  1.4062E+002
283.50  1.4162E+002
283.94  1.2562E+002
284.38  1.1762E+002
284.82  1.1562E+002
285.26  8.4623E+001
285.70  1.0162E+002
286.14  8.7623E+001
286.58  7.7623E+001
287.03  8.4623E+001
287.47  7.1623E+001
287.91  8.7623E+001
288.35  6.5623E+001
288.79  4.9623E+001
289.23  5.7623E+001
289.67  6.9623E+001
290.11  8.1623E+001
290.55  1.0862E+002
291.00  1.3062E+002
291.44  1.1362E+002
291.88  1.0662E+002
292.32  1.0762E+002
292.76  9.0623E+001
293.20  8.4623E+001
293.64  7.4623E+001
294.08  7.7623E+001
294.53  8.0623E+001
294.97  7.8623E+001
295.41  6.5623E+001
295.85  6.4623E+001
296.29  5.0623E+001
296.73  3.8623E+001
297.18  3.5623E+001
297.62  1.9623E+001
298.06  3.7623E+001
298.50  4.6623E+001
298.94  4.9623E+001
299.38  4.4623E+001
299.83  3.8623E+001
300.27  4.9623E+001
300.71  6.6623E+001
301.15  6.0623E+001
301.59  3.7623E+001
302.04  5.5623E+001
302.48  4.6623E+001
302.92  5.5623E+001
303.36  5.3623E+001
303.80  5.6623E+001
304.25  4.9623E+001
304.69  1.7623E+001
305.13  6.6229E+000
305.57  4.4623E+001
306.02  4.4623E+001
306.46  2.4623E+001
306.90  1.3623E+001
307.34  2.7623E+001
307.79  4.2623E+001
308.23  4.8623E+001
308.67  3.3623E+001
309.11  2.6229E+000
309.56  -2.6377E+001
310.00  -3.8377E+001
310.44  -5.5377E+001
310.88  -4.2377E+001
311.33  -2.5377E+001
311.77  6.2290E-001
312.21  6.6229E+000
312.66  1.6229E+000
313.10  1.7623E+001
313.54  7.3623E+001
313.98  8.0623E+001
314.43  6.3623E+001
314.87  7.6623E+001
315.31  7.2623E+001
315.76  5.2623E+001
316.20  6.0623E+001
316.64  6.3623E+001
317.09  1.0562E+002
317.53  1.0362E+002
317.97  7.7623E+001
318.42  7.0623E+001
318.86  3.1623E+001
319.30  3.8623E+001
319.75  3.1623E+001
320.19  4.3623E+001
320.63  5.3623E+001
321.08  4.4623E+001
321.52  3.6623E+001
321.96  4.6623E+001
322.41  4.5623E+001
322.85  6.7623E+001
323.30  5.0623E+001
323.74  3.9623E+001
324.18  3.0623E+001
324.63  2.6623E+001
325.07  3.8623E+001
325.52  5.3623E+001
325.96  8.9623E+001
326.40  1.1062E+002
326.85  1.1762E+002
327.29  1.1062E+002
327.74  1.0062E+002
328.18  7.3623E+001
328.62  7.5623E+001
329.07  7.6623E+001
329.51  7.8623E+001
329.96  7.1623E+001
330.40  9.3623E+001
330.84  9.8623E+001
331.29  1.1862E+002
331.73  1.3962E+002
332.18  1.5262E+002
332.62  1.4162E+002
333.07  1.0462E+002
333.51  1.0462E+002
333.96  1.0462E+002
334.40  1.0862E+002
334.85  1.0862E+002
335.29  9.1623E+001
335.73  8.9623E+001
336.18  6.9623E+001
336.62  4.8623E+001
337.07  4.4623E+001
337.51  4.4623E+001
337.96  6.7623E+001
338.40  8.7623E+001
338.85  9.3623E+001
339.29  1.1562E+002
339.74  1.2562E+002
340.18  1.0862E+002
340.63  1.0562E+002
341.07  8.9623E+001
341.52  9.5623E+001
341.96  8.7623E+001
342.41  8.9623E+001
342.85  9.2623E+001
343.30  7.4623E+001
343.74  5.5623E+001
344.19  1.0662E+002
344.64  1.3762E+002
345.08  1.2962E+002
345.53  1.1262E+002
345.97  9.6623E+001
346.42  8.9623E+001
346.86  1.1862E+002
347.31  1.1962E+002
347.75  1.1762E+002
348.20  1.2262E+002
348.65  1.5062E+002
349.09  1.6662E+002
349.54  1.7362E+002
349.98  1.5462E+002
350.43  1.6762E+002
350.87  1.6362E+002
351.32  1.4762E+002
351.77  1.5162E+002
352.21  1.4062E+002
352.66  1.2262E+002
353.10  1.1462E+002
353.55  1.2162E+002
354.00  1.0962E+002
354.44  9.9623E+001
354.89  8.1623E+001
355.34  7.5623E+001
355.78  6.5623E+001
356.23  5.9623E+001
356.67  5.7623E+001
357.12  4.1623E+001
357.57  5.3623E+001
358.01  7.0623E+001
358.46  6.4623E+001
358.91  8.1623E+001
359.35  9.6623E+001
359.80  7.3623E+001
360.25  6.4623E+001
360.69  7.8623E+001
361.14  1.0362E+002
361.59  8.1623E+001
362.03  8.4623E+001
362.48  1.0162E+002
362.93  1.0062E+002
363.37  9.8623E+001
363.82  9.2623E+001
364.27  8.9623E+001
364.71  9.2623E+001
365.16  9.2623E+001
365.61  8.4623E+001
366.05  6.6623E+001
366.50  6.8623E+001
366.95  5.6623E+001
367.40  4.4623E+001
367.84  2.9623E+001
368.29  9.6229E+000
368.74  9.6229E+000
369.18  7.6229E+000
369.63  1.6229E+000
370.08  2.8623E+001
370.53  5.0623E+001
370.97  6.3623E+001
371.42  5.5623E+001
371.87  4.0623E+001
372.32  3.4623E+001
372.76  4.7623E+001
373.21  4.3623E+001
373.66  1.9623E+001
374.11  1.5623E+001
374.55  1.0623E+001
375.00  2.1623E+001
375.45  3.1623E+001
375.90  2.0623E+001
376.35  7.6229E+000
376.79  1.6229E+000
377.24  1.0623E+001
377.69  -3.7710E-001
378.14  -1.5377E+001
378.58  -2.5377E+001
379.03  -1.2377E+001
379.48  -1.2377E+001
379.93  6.2290E-001
380.38  1.9623E+001
380.83  2.5623E+001
381.27  1.6229E+000
381.72  -4.3771E+000
382.17  2.1623E+001
382.62  2.4623E+001
383.07  5.1623E+001
383.51  3.1623E+001
383.96  3.2623E+001
384.41  3.3623E+001
384.86  3.5623E+001
385.31  2.7623E+001
385.76  2.6623E+001
386.21  2.2623E+001
386.65  3.0623E+001
387.10  3.8623E+001
387.55  7.4623E+001
388.00  1.0662E+002
388.45  1.0662E+002
388.90  1.1062E+002
389.35  1.0262E+002
389.80  1.1762E+002
390.24  1.0062E+002
390.69  8.9623E+001
391.14  7.2623E+001
391.59  8.5623E+001
392.04  9.1623E+001
392.49  9.2623E+001
392.94  9.6623E+001
393.39  1.1562E+002
393.84  1.2962E+002
394.29  1.3562E+002
394.73  1.3662E+002
395.18  1.6262E+002
395.63  1.7662E+002
396.08  1.7362E+002
396.53  1.9562E+002
396.98  2.2562E+002
397.43  2.5462E+002
397.88  2.9362E+002
398.33  3.5562E+002
398.78  4.6362E+002
399.23  5.7962E+002
399.68  7.8162E+002
400.13  1.1086E+003
400.58  1.5846E+003
401.03  2.0936E+003
401.48  2.4946E+003
401.93  2.5976E+003
402.38  2.5456E+003
402.83  2.4466E+003
403.28  2.3126E+003
403.73  2.1516E+003
404.18  2.0076E+003
404.63  1.8496E+003
405.08  1.7056E+003
405.53  1.5526E+003
405.98  1.4286E+003
406.43  1.3326E+003
406.88  1.2176E+003
407.33  1.1286E+003
407.78  1.0316E+003
408.23  9.4662E+002
408.68  8.9162E+002
409.13  8.3362E+002
409.58  7.3562E+002
410.03  6.6362E+002
410.48  5.8462E+002
410.93  5.1762E+002
411.38  4.7462E+002
411.83  4.3762E+002
412.28  4.0562E+002
412.73  3.5762E+002
413.18  3.2662E+002
413.63  3.2162E+002
414.08  2.8662E+002
414.53  2.9962E+002
414.98  2.6462E+002
415.43  2.5162E+002
415.88  2.4162E+002
416.34  2.2762E+002
416.79  2.1162E+002
417.24  1.6362E+002
417.69  1.5462E+002
418.14  1.5062E+002
418.59  1.6762E+002
419.04  1.6062E+002
419.49  1.6462E+002
419.94  1.5762E+002
420.39  1.5362E+002
420.85  1.7662E+002
421.30  1.8462E+002
421.75  1.6162E+002
422.20  1.6362E+002
422.65  1.8462E+002
423.10  2.1562E+002
423.55  2.1362E+002
424.00  2.1062E+002
424.46  2.0162E+002
424.91  2.1362E+002
425.36  2.0662E+002
425.81  2.0762E+002
426.26  2.0362E+002
426.71  1.8062E+002
427.16  1.8962E+002
427.62  1.6862E+002
428.07  1.3662E+002
428.52  1.3162E+002
428.97  1.1462E+002
429.42  1.2962E+002
429.88  1.3562E+002
430.33  1.3862E+002
430.78  1.6762E+002
431.23  1.6462E+002
431.68  1.6462E+002
432.13  1.3162E+002
432.59  1.2862E+002
433.04  1.2362E+002
433.49  1.3062E+002
433.94  1.7162E+002
434.40  2.2562E+002
434.85  2.4962E+002
435.30  2.6862E+002
435.75  2.4562E+002
436.20  2.1762E+002
436.66  2.2262E+002
437.11  2.3162E+002
437.56  2.0062E+002
438.01  1.6962E+002
438.47  1.5962E+002
438.92  1.6562E+002
439.37  1.3762E+002
439.82  1.2162E+002
440.28  1.0862E+002
440.73  9.7623E+001
441.18  8.5623E+001
441.63  1.0362E+002
442.09  8.8623E+001
442.54  8.1623E+001
442.99  8.7623E+001
443.44  7.0623E+001
443.90  7.4623E+001
444.35  1.1262E+002
444.80  1.2962E+002
445.26  1.2862E+002
445.71  1.2362E+002
446.16  1.0562E+002
446.62  9.1623E+001
447.07  9.4623E+001
447.52  1.2962E+002
447.97  1.5562E+002
448.43  1.1762E+002
448.88  9.7623E+001
449.33  1.0162E+002
449.79  7.8623E+001
450.24  6.3623E+001
450.69  3.1623E+001
451.15  2.7623E+001
451.60  2.1623E+001
452.05  2.7623E+001
452.51  1.5623E+001
452.96  1.7623E+001
453.41  2.3623E+001
453.87  3.7623E+001
454.32  7.6623E+001
454.78  1.0462E+002
455.23  1.1862E+002
455.68  1.3662E+002
456.14  1.5362E+002
456.59  1.7462E+002
457.04  1.8962E+002
457.50  1.8762E+002
457.95  1.7362E+002
458.41  1.7162E+002
458.86  1.7262E+002
459.31  1.4962E+002
459.77  1.3362E+002
460.22  7.0623E+001
460.68  4.5623E+001
461.13  3.9623E+001
461.58  4.5623E+001
462.04  3.5623E+001
462.49  1.7623E+001
462.95  -7.3771E+000
463.40  -1.1377E+001
463.86  -6.3771E+000
464.31  -2.1377E+001
464.76  -1.9377E+001
465.22  2.6623E+001
465.67  5.2623E+001
466.13  4.7623E+001
466.58  1.5623E+001
467.04  1.3623E+001
467.49  2.8623E+001
467.95  3.7623E+001
468.40  3.7623E+001
468.85  5.4623E+001
469.31  6.1623E+001
469.76  8.9623E+001
470.22  8.1623E+001
470.67  5.6623E+001
471.13  5.7623E+001
471.58  5.7623E+001
472.04  4.0623E+001
472.49  2.5623E+001
472.95  6.6229E+000
473.40  1.6229E+000
473.86  -5.3771E+000
474.31  1.0623E+001
474.77  3.0623E+001
475.22  5.9623E+001
475.68  7.6623E+001
476.13  9.5623E+001
476.59  1.0362E+002
477.04  1.1562E+002
477.50  9.2623E+001
477.95  8.4623E+001
478.41  8.0623E+001
478.87  1.3162E+002
479.32  1.6062E+002
479.78  1.7362E+002
480.23  1.7662E+002
480.69  1.6062E+002
481.14  1.6162E+002
481.60  1.7162E+002
482.05  1.7562E+002
482.51  2.0562E+002
482.96  2.5262E+002
483.42  2.8062E+002
483.88  2.8462E+002
484.33  2.9562E+002
484.79  3.0962E+002
485.24  3.1062E+002
485.70  3.3362E+002
486.16  3.5162E+002
486.61  3.5062E+002
487.07  3.6462E+002
487.52  3.8962E+002
487.98  3.7562E+002
488.44  3.6162E+002
488.89  3.7862E+002
489.35  4.0662E+002
489.80  3.9562E+002
490.26  3.9262E+002
490.72  3.8562E+002
491.17  3.6962E+002
491.63  3.7562E+002
492.08  4.1562E+002
492.54  4.3162E+002
493.00  3.9962E+002
493.45  4.0962E+002
493.91  4.4662E+002
494.37  4.3962E+002
494.82  4.0162E+002
495.28  4.1262E+002
495.74  3.8562E+002
496.19  3.7362E+002
496.65  3.7062E+002
497.11  3.8862E+002
497.56  3.7162E+002
498.02  3.3562E+002
498.48  3.2862E+002
498.93  3.0762E+002
499.39  2.9962E+002
499.85  2.8662E+002
500.30  2.5262E+002
500.76  2.2762E+002
501.22  2.2262E+002
501.67  2.2562E+002
502.13  2.1862E+002
502.59  2.2062E+002
503.05  2.3162E+002
503.50  2.3362E+002
503.96  1.8862E+002
504.42  1.6562E+002
504.87  1.4962E+002
505.33  1.3362E+002
505.79  1.1362E+002
506.25  1.1862E+002
506.70  1.0562E+002
507.16  9.4623E+001
507.62  1.0262E+002
508.08  9.8623E+001
508.53  9.5623E+001
508.99  9.9623E+001
509.45  9.3623E+001
509.91  8.0623E+001
510.36  9.4623E+001
510.82  1.0562E+002
511.28  6.4623E+001
511.74  5.4623E+001
512.19  6.7623E+001
512.65  5.8623E+001
513.11  3.7623E+001
513.57  2.5623E+001
514.03  4.5623E+001
514.48  4.1623E+001
514.94  7.7623E+001
515.40  1.0262E+002
515.86  1.1462E+002
516.32  1.4162E+002
516.77  1.4062E+002
517.23  1.2262E+002
517.69  1.1462E+002
518.15  1.1162E+002
518.61  1.0562E+002
519.06  8.8623E+001
519.52  1.1362E+002
519.98  1.0662E+002
520.44  1.1962E+002
520.90  1.1962E+002
521.36  1.2662E+002
521.81  9.5623E+001
522.27  8.8623E+001
522.73  7.2623E+001
523.19  6.4623E+001
523.65  6.3623E+001
524.11  5.8623E+001
524.57  7.6623E+001
525.02  8.8623E+001
525.48  1.0062E+002
525.94  1.0062E+002
526.40  9.5623E+001
526.86  8.3623E+001
527.32  1.0162E+002
527.78  1.2262E+002
528.24  1.3062E+002
528.69  1.3662E+002
529.15  1.3262E+002
529.61  1.2662E+002
530.07  1.1162E+002
530.53  1.0162E+002
530.99  1.1062E+002
531.45  1.3262E+002
531.91  1.3962E+002
532.37  1.2962E+002
532.83  1.0362E+002
533.29  1.0262E+002
533.74  1.0062E+002
534.20  1.2862E+002
534.66  1.6662E+002
535.12  1.7462E+002
535.58  1.6862E+002
536.04  1.7162E+002
536.50  1.7662E+002
536.96  1.9762E+002
537.42  2.3462E+002
537.88  2.6262E+002
538.34  3.0362E+002
538.80  3.5662E+002
539.26  4.2162E+002
539.72  4.6962E+002
540.18  5.5062E+002
540.64  6.9262E+002
541.10  8.3762E+002
541.56  9.8462E+002
542.02  1.1096E+003
542.48  1.2536E+003
542.94  1.3756E+003
543.40  1.4456E+003
543.86  1.5266E+003
544.32  1.5966E+003
544.78  1.6496E+003
545.24  1.6956E+003
545.70  1.6886E+003
546.16  1.6386E+003
546.62  1.5776E+003
547.08  1.5416E+003
547.54  1.4456E+003
548.00  1.3636E+003
548.46  1.2996E+003
548.92  1.2336E+003
549.38  1.1756E+003
549.84  1.1486E+003
550.30  1.0876E+003
550.76  1.0316E+003
551.22  1.0066E+003
551.68  9.5862E+002
552.14  8.8962E+002
552.60  8.3362E+002
553.06  8.0162E+002
553.52  7.3862E+002
553.98  6.8862E+002
554.44  6.7362E+002
554.90  6.4362E+002
555.37  5.8262E+002
555.83  5.4562E+002
556.29  5.2262E+002
556.75  4.7562E+002
557.21  4.4462E+002
557.67  4.6162E+002
558.13  4.3762E+002
558.59  4.2662E+002
559.05  4.0662E+002
559.51  3.9262E+002
559.97  3.7262E+002
560.44  3.6462E+002
560.90  3.4162E+002
561.36  3.4662E+002
561.82  3.4462E+002
562.28  3.2062E+002
562.74  3.0562E+002
563.20  2.9362E+002
563.66  2.9562E+002
564.13  2.8262E+002
564.59  2.7662E+002
565.05  2.5262E+002
565.51  2.4562E+002
565.97  2.4062E+002
566.43  2.5462E+002
566.89  2.5562E+002
567.36  2.5062E+002
567.82  2.6462E+002
568.28  2.8662E+002
568.74  2.7962E+002
569.20  2.5762E+002
569.66  2.2862E+002
570.13  2.3562E+002
570.59  2.6562E+002
571.05  2.8262E+002
571.51  2.6462E+002
571.97  2.5462E+002
572.44  2.5762E+002
572.90  2.3662E+002
573.36  2.4762E+002
573.82  2.3962E+002
574.28  2.5062E+002
574.75  2.3762E+002
575.21  2.3862E+002
575.67  2.7962E+002
576.13  2.8462E+002
576.59  2.9662E+002
577.06  2.8762E+002
577.52  3.0662E+002
577.98  3.0462E+002
578.44  3.1062E+002
578.91  3.3062E+002
579.37  3.6562E+002
579.83  4.0462E+002
580.29  4.2262E+002
580.76  4.1362E+002
581.22  4.2762E+002
581.68  4.5062E+002
582.14  4.5362E+002
582.61  4.6062E+002
583.07  4.6762E+002
583.53  4.9362E+002
583.99  4.9862E+002
584.46  4.7662E+002
584.92  4.7762E+002
585.38  4.8562E+002
585.84  5.2862E+002
586.31  5.5662E+002
586.77  5.7062E+002
587.23  6.0162E+002
587.70  6.1462E+002
588.16  6.0362E+002
588.62  5.7562E+002
589.09  5.5862E+002
589.55  5.7862E+002
590.01  5.2562E+002
590.47  4.8262E+002
590.94  4.7262E+002
591.40  4.5762E+002
591.86  4.3662E+002
592.33  4.5362E+002
592.79  4.6962E+002
593.25  4.3962E+002
593.72  4.4362E+002
594.18  4.4362E+002
594.64  4.2062E+002
595.11  3.8062E+002
595.57  3.4462E+002
596.03  3.3162E+002
596.50  3.1462E+002
596.96  3.1362E+002
597.43  2.9662E+002
597.89  2.4062E+002
598.35  2.2762E+002
598.82  2.4962E+002
599.28  2.6062E+002
599.74  2.6562E+002
600.21  2.4762E+002
600.67  2.4862E+002
601.14  2.3762E+002
601.60  2.5662E+002
602.06  2.5062E+002
602.53  2.0562E+002
602.99  1.7562E+002
603.46  1.6662E+002
603.92  1.8562E+002
604.38  2.0962E+002
604.85  2.4262E+002
605.31  2.1862E+002
605.78  2.0262E+002
606.24  2.1162E+002
606.70  2.0662E+002
607.17  2.1162E+002
607.63  2.2062E+002
608.10  2.3262E+002
608.56  2.6662E+002
609.03  3.3662E+002
609.49  4.5062E+002
609.95  5.8062E+002
610.42  7.2862E+002
610.88  8.5462E+002
611.35  1.0146E+003
611.81  1.1206E+003
612.28  1.1796E+003
612.74  1.2016E+003
613.21  1.1696E+003
613.67  1.1166E+003
614.14  1.0816E+003
614.60  1.0536E+003
615.07  1.0186E+003
615.53  9.8462E+002
616.00  9.3062E+002
616.46  8.9462E+002
616.93  8.4262E+002
617.39  7.7262E+002
617.85  7.3262E+002
618.32  6.9762E+002
618.78  6.5562E+002
619.25  6.1862E+002
619.72  6.0962E+002
620.18  5.9762E+002
620.65  5.8262E+002
621.11  5.6062E+002
621.58  5.3562E+002
622.04  5.0162E+002
622.51  5.0262E+002
622.97  4.9062E+002
623.44  4.5562E+002
623.90  4.3862E+002
624.37  4.3462E+002
624.83  4.3362E+002
625.30  4.2362E+002
625.76  4.2062E+002
626.23  4.0662E+002
626.70  3.7562E+002
627.16  3.5862E+002
627.63  3.2662E+002
628.09  3.0562E+002
628.56  2.8662E+002
629.02  2.9162E+002
629.49  2.7762E+002
629.96  2.6562E+002
630.42  2.6362E+002
630.89  2.5662E+002
631.35  2.5162E+002
631.82  2.4062E+002
632.28  2.1962E+002
632.75  2.1462E+002
633.22  2.0862E+002
633.68  2.3862E+002
634.15  2.4962E+002
634.61  2.4262E+002
635.08  2.3262E+002
635.55  2.2262E+002
636.01  2.0362E+002
636.48  1.9262E+002
636.95  1.9062E+002
637.41  1.9062E+002
637.88  2.0362E+002
638.34  1.8662E+002
638.81  1.6862E+002
639.28  1.5762E+002
639.74  1.7662E+002
640.21  1.7262E+002
640.68  1.6862E+002
641.14  1.9662E+002
641.61  2.0862E+002
642.08  1.7562E+002
642.54  1.5362E+002
643.01  1.4962E+002
643.48  1.3762E+002
643.94  1.4362E+002
644.41  1.3862E+002
644.88  1.3562E+002
645.34  1.4062E+002
645.81  1.4862E+002
646.28  1.4262E+002
646.74  1.4762E+002
647.21  1.5262E+002
647.68  1.3062E+002
648.14  1.5062E+002
648.61  1.5062E+002
649.08  1.3062E+002
649.55  1.1762E+002
650.01  1.1562E+002
650.48  1.1362E+002
650.95  1.0562E+002
651.41  7.9623E+001
651.88  5.4623E+001
652.35  5.9623E+001
652.82  6.7623E+001
653.28  8.5623E+001
653.75  1.0062E+002
654.22  8.5623E+001
654.69  6.7623E+001
655.15  9.0623E+001
655.62  1.0962E+002
656.09  1.0162E+002
656.56  1.0762E+002
657.02  1.1362E+002
657.49  1.1962E+002
657.96  1.0562E+002
658.43  1.3262E+002
658.89  1.2062E+002
659.36  9.7623E+001
659.83  8.5623E+001
660.30  1.1462E+002
660.76  1.1562E+002
661.23  1.0462E+002
661.70  8.5623E+001
662.17  8.1623E+001
662.64  6.0623E+001
663.10  4.9623E+001
663.57  4.9623E+001
664.04  4.6623E+001
664.51  6.9623E+001
664.98  4.4623E+001
665.44  2.8623E+001
665.91  3.6623E+001
666.38  2.9623E+001
666.85  2.3623E+001
667.32  2.2623E+001
667.79  2.7623E+001
668.25  4.6623E+001
668.72  4.8623E+001
669.19  6.7623E+001
669.66  7.3623E+001
670.13  7.1623E+001
670.60  7.2623E+001
671.06  9.8623E+001
671.53  1.0562E+002
672.00  8.7623E+001
672.47  8.0623E+001
672.94  7.2623E+001
673.41  3.9623E+001
673.88  4.4623E+001
674.34  7.5623E+001
674.81  6.0623E+001
675.28  5.4623E+001
675.75  5.3623E+001
676.22  7.3623E+001
676.69  5.8623E+001
677.16  4.5623E+001
677.63  5.6623E+001
678.09  5.9623E+001
678.56  6.8623E+001
679.03  8.1623E+001
679.50  8.9623E+001
679.97  8.6623E+001
680.44  8.8623E+001
680.91  1.2162E+002
681.38  1.3262E+002
681.85  1.2362E+002
682.32  9.9623E+001
682.79  9.3623E+001
683.26  7.4623E+001
683.72  5.1623E+001
684.19  3.6623E+001
684.66  3.8623E+001
685.13  6.7623E+001
685.60  7.2623E+001
686.07  6.8623E+001
686.54  6.8623E+001
687.01  5.4623E+001
687.48  5.5623E+001
687.95  6.4623E+001
688.42  6.4623E+001
688.89  2.2623E+001
689.36  8.6229E+000
689.83  -9.3771E+000
690.30  1.3623E+001
690.77  -3.3771E+000
691.24  -6.3771E+000
691.71  -1.4377E+001
692.18  8.6229E+000
692.65  5.6229E+000
693.12  -1.5377E+001
693.59  1.6229E+000
694.06  4.1623E+001
694.53  1.5623E+001
695.00  9.6229E+000
695.47  1.1623E+001
695.94  6.2290E-001
696.41  2.6229E+000
696.88  1.4623E+001
697.35  6.6229E+000
697.82  -1.6377E+001
698.29  1.6229E+000
698.76  3.1623E+001
699.23  3.4623E+001
699.70  1.0623E+001
700.17  3.0623E+001
700.64  5.6623E+001
701.11  5.4623E+001
701.58  3.6623E+001
702.05  4.7623E+001
702.52  6.2623E+001
702.99  7.4623E+001
703.46  9.1623E+001
703.93  9.1623E+001
704.40  8.9623E+001
704.87  7.9623E+001
705.34  6.5623E+001
705.82  5.4623E+001
706.29  7.2623E+001
706.76  8.6623E+001
707.23  1.0962E+002
707.70  1.3462E+002
708.17  1.5962E+002
708.64  1.7462E+002
709.11  1.8462E+002
709.58  1.7962E+002
710.05  1.7162E+002
710.52  1.5262E+002
710.99  1.4962E+002
711.47  1.4562E+002
711.94  1.5762E+002
712.41  1.7862E+002
712.88  1.7362E+002
713.35  1.7762E+002
713.82  1.7662E+002
714.29  1.3562E+002
714.76  1.1562E+002
715.24  1.0162E+002
715.71  9.9623E+001
716.18  1.0862E+002
716.65  1.1362E+002
717.12  1.2062E+002
717.59  1.3462E+002
718.06  1.2362E+002
718.54  1.1962E+002
719.01  9.2623E+001
719.48  9.9623E+001
719.95  1.1062E+002
720.42  8.0623E+001
720.89  7.5623E+001
721.37  3.7623E+001
721.84  5.3623E+001
722.31  7.0623E+001
722.78  5.0623E+001
723.25  1.9623E+001
723.72  3.4623E+001
724.20  4.7623E+001
724.67  5.8623E+001
725.14  6.9623E+001
725.61  5.7623E+001
726.08  6.7623E+001
726.56  5.6623E+001
727.03  3.3623E+001
727.50  2.1623E+001
727.97  3.7623E+001
728.44  3.9623E+001
728.92  5.9623E+001
729.39  9.5623E+001
729.86  9.1623E+001
730.33  8.3623E+001
730.81  1.0562E+002
731.28  1.1262E+002
731.75  8.3623E+001
732.22  6.5623E+001
732.69  9.0623E+001
733.17  9.0623E+001
733.64  7.1623E+001
734.11  8.2623E+001
734.58  9.4623E+001
735.06  8.0623E+001
735.53  8.5623E+001
736.00  7.3623E+001
736.47  4.3623E+001
736.95  4.1623E+001
737.42  4.1623E+001
737.89  2.7623E+001
738.37  1.5623E+001
738.84  3.8623E+001
739.31  3.4623E+001
739.78  1.9623E+001
740.26  5.6623E+001
740.73  1.0462E+002
741.20  7.6623E+001
741.68  4.7623E+001
742.15  5.5623E+001
742.62  4.1623E+001
743.09  2.6623E+001
743.57  3.1623E+001
744.04  1.9623E+001
744.51  -6.3771E+000
744.99  -6.3771E+000
745.46  1.2623E+001
745.93  1.4623E+001
746.41  2.4623E+001
746.88  6.3623E+001
747.35  7.5623E+001
747.83  5.3623E+001
748.30  5.9623E+001
748.77  5.2623E+001
749.25  2.7623E+001
749.72  2.1623E+001
750.19  2.2623E+001
750.67  5.3623E+001
751.14  2.7623E+001
751.61  2.6623E+001
752.09  3.1623E+001
752.56  1.7623E+001
753.04  1.8623E+001
753.51  3.1623E+001
753.98  3.7623E+001
754.46  3.3623E+001
754.93  4.1623E+001
755.40  3.1623E+001
755.88  2.6623E+001
756.35  4.0623E+001
756.83  9.2623E+001
757.30  8.5623E+001
757.77  7.8623E+001
758.25  5.5623E+001
758.72  6.2623E+001
759.20  6.0623E+001
759.67  7.2623E+001
760.14  6.3623E+001
760.62  5.4623E+001
761.09  3.9623E+001
761.57  4.8623E+001
762.04  4.5623E+001
762.52  3.8623E+001
762.99  2.9623E+001
763.46  4.4623E+001
763.94  5.6623E+001
764.41  4.3623E+001
764.89  1.6623E+001
765.36  5.0623E+001
765.84  7.5623E+001
766.31  9.3623E+001
766.78  8.1623E+001
767.26  5.3623E+001
767.73  3.0623E+001
768.21  5.9623E+001
768.68  5.8623E+001
769.16  5.0623E+001
769.63  3.2623E+001
770.11  4.3623E+001
770.58  6.9623E+001
771.06  5.8623E+001
771.53  4.0623E+001
772.01  3.3623E+001
772.48  1.9623E+001
772.96  2.1623E+001
773.43  3.3623E+001
773.91  3.1623E+001
774.38  2.7623E+001
774.86  4.4623E+001
775.33  4.5623E+001
775.81  4.1623E+001
776.28  4.6623E+001
776.76  3.5623E+001
777.23  4.9623E+001
777.71  6.0623E+001
778.18  7.7623E+001
778.66  7.5623E+001
779.13  9.8623E+001
779.61  9.2623E+001
780.08  7.2623E+001
780.56  5.2623E+001
781.03  5.7623E+001
781.51  5.7623E+001
781.98  2.8623E+001
782.46  5.1623E+001
782.94  8.2623E+001
783.41  6.2623E+001
783.89  7.2623E+001
784.36  9.6623E+001
784.84  1.1362E+002
785.31  1.2462E+002
785.79  1.2462E+002
786.27  1.4262E+002
786.74  1.2062E+002
787.22  1.0362E+002
787.69  1.2962E+002
788.17  1.3162E+002
788.64  1.5162E+002
789.12  1.5862E+002
789.60  1.6162E+002
790.07  1.4462E+002
790.55  1.3362E+002
791.02  1.2962E+002
791.50  1.1762E+002
791.98  1.2762E+002
792.45  1.2462E+002
792.93  1.2662E+002
793.40  1.2862E+002
793.88  1.4862E+002
794.36  1.4062E+002
794.83  1.2262E+002
795.31  9.1623E+001
795.79  5.9623E+001
796.26  4.1623E+001
796.74  4.9623E+001
797.21  2.8623E+001
797.69  1.6623E+001
798.17  -3.3771E+000
798.64  8.6229E+000
799.12  4.1623E+001
799.60  5.4623E+001
800.07  8.0623E+001
800.55  1.1262E+002
801.03  1.1662E+002
801.50  1.0362E+002
801.98  7.3623E+001
802.46  4.7623E+001
802.93  3.8623E+001
803.41  2.8623E+001
803.89  5.6229E+000
804.36  4.6229E+000
804.84  1.6623E+001
805.32  1.6623E+001
805.79  2.8623E+001
806.27  5.1623E+001
806.75  3.1623E+001
807.23  3.2623E+001
807.70  1.9623E+001
808.18  -1.3377E+001
808.66  5.6229E+000
809.13  2.4623E+001
809.61  4.6229E+000
810.09  -4.5377E+001
810.56  -3.8377E+001
811.04  -2.2377E+001
811.52  4.6229E+000
812.00  1.6623E+001
812.47  3.1623E+001
812.95  2.3623E+001
813.43  1.1623E+001
813.91  2.3623E+001
814.38  2.7623E+001
814.86  3.2623E+001
815.34  2.2623E+001
815.82  2.9623E+001
816.29  4.2623E+001
816.77  3.9623E+001
817.25  3.3623E+001
817.73  3.0623E+001
818.20  3.6623E+001
818.68  2.8623E+001
819.16  4.8623E+001
819.64  5.5623E+001
820.11  5.7623E+001
820.59  3.3623E+001
821.07  1.9623E+001
821.55  1.8623E+001
822.03  2.3623E+001
822.50  2.0623E+001
822.98  1.8623E+001
823.46  3.6623E+001
823.94  2.4623E+001
824.42  2.2623E+001
824.89  2.3623E+001
825.37  1.4623E+001
825.85  2.5623E+001
826.33  4.2623E+001
826.81  6.8623E+001
827.28  6.2623E+001
827.76  7.0623E+001
828.24  8.3623E+001
828.72  6.6623E+001
829.20  7.3623E+001
829.68  7.8623E+001
830.15  6.5623E+001
830.63  6.7623E+001
831.11  6.6623E+001
831.59  7.6623E+001
832.07  6.2623E+001
832.55  6.5623E+001
833.02  8.4623E+001
833.50  7.1623E+001
833.98  6.5623E+001
834.46  7.6623E+001
834.94  5.7623E+001
835.42  1.8623E+001
835.90  1.7623E+001
836.37  -4.3771E+000
836.85  -2.1377E+001
837.33  -9.3771E+000
837.81  -3.3771E+000
838.29  -5.3771E+000
838.77  -4.7377E+001
839.25  -4.3377E+001
839.73  -3.9377E+001
840.21  -4.1377E+001
840.68  -4.4377E+001
841.16  -5.1377E+001
841.64  -6.1377E+001
842.12  -7.7377E+001
842.60  -6.0377E+001
843.08  -5.9377E+001
843.56  -6.2377E+001
844.04  -2.1377E+001
844.52  -1.7377E+001
845.00  -1.6377E+001
845.48  -1.5377E+001
845.96  3.6229E+000
846.43  -1.5377E+001
846.91  -1.4377E+001
847.39  3.0623E+001
847.87  2.9623E+001
848.35  3.1623E+001
848.83  2.3623E+001
849.31  1.7623E+001
849.79  3.4623E+001
850.27  2.4623E+001
850.75  4.7623E+001
851.23  4.5623E+001
851.71  5.1623E+001
852.19  5.8623E+001
852.67  2.6623E+001
853.15  3.1623E+001
853.63  4.9623E+001
854.11  5.9623E+001
854.59  6.0623E+001
855.07  8.3623E+001
855.55  1.0862E+002
856.03  1.3162E+002
856.51  1.4262E+002
856.99  1.2362E+002
857.47  1.0862E+002
857.95  1.1362E+002
858.43  1.3062E+002
858.91  1.2762E+002
859.39  1.3262E+002
859.87  1.2962E+002
860.35  1.1662E+002
860.83  1.1462E+002
861.31  1.2862E+002
861.79  1.4662E+002
862.27  1.5362E+002
862.75  1.4962E+002
863.23  1.5662E+002
863.71  1.7462E+002
864.19  1.6162E+002
864.67  1.5262E+002
865.15  1.6062E+002
865.63  1.5062E+002
866.11  1.2862E+002
866.59  1.2862E+002
867.07  1.3662E+002
867.55  1.2262E+002
868.03  1.3662E+002
868.51  1.3762E+002
868.99  1.2362E+002
869.48  1.1762E+002
869.96  1.1762E+002
870.44  1.2362E+002
870.92  1.1362E+002
871.40  9.0623E+001
871.88  5.8623E+001
872.36  7.0623E+001
872.84  6.5623E+001
873.32  6.4623E+001
873.80  7.7623E+001
874.28  9.5623E+001
874.76  9.3623E+001
875.25  7.8623E+001
875.73  7.0623E+001
876.21  7.7623E+001
876.69  8.5623E+001
877.17  8.5623E+001
877.65  8.9623E+001
878.13  7.9623E+001
878.61  5.6623E+001
879.09  2.3623E+001
879.58  1.0623E+001
880.06  2.6623E+001
880.54  2.8623E+001
881.02  1.8623E+001
881.50  4.5623E+001
881.98  5.3623E+001
882.46  5.5623E+001
882.95  5.9623E+001
883.43  4.3623E+001
883.91  5.8623E+001
884.39  8.1623E+001
884.87  9.9623E+001
885.35  1.2462E+002
885.83  1.2062E+002
886.32  9.7623E+001
886.80  7.5623E+001
887.28  6.4623E+001
887.76  7.4623E+001
888.24  5.3623E+001
888.72  2.4623E+001
889.21  1.9623E+001
889.69  3.2623E+001
890.17  4.3623E+001
890.65  5.8623E+001
891.13  8.5623E+001
891.62  1.0262E+002
892.10  1.1662E+002
892.58  1.4762E+002
893.06  1.2862E+002
893.54  1.1162E+002
894.03  1.2762E+002
894.51  1.2662E+002
894.99  1.1762E+002
895.47  1.1062E+002
895.95  9.9623E+001
896.44  9.8623E+001
896.92  8.9623E+001
897.40  7.4623E+001
897.88  8.9623E+001
898.37  9.6623E+001
898.85  1.1362E+002
899.33  1.2362E+002
899.81  1.5262E+002
900.30  1.4062E+002
900.78  1.2462E+002
901.26  1.1462E+002
901.74  1.3062E+002
902.23  1.2362E+002
902.71  1.2662E+002
903.19  1.1262E+002
903.67  1.1462E+002
904.16  1.0862E+002
904.64  8.1623E+001
905.12  8.2623E+001
905.60  8.4623E+001
906.09  6.4623E+001
906.57  6.1623E+001
907.05  3.9623E+001
907.54  7.6229E+000
908.02  -1.4377E+001
908.50  4.6229E+000
908.98  1.2623E+001
909.47  4.1623E+001
909.95  6.7623E+001
910.43  7.6623E+001
910.92  5.8623E+001
911.40  4.8623E+001
911.88  2.7623E+001
912.37  6.2290E-001
912.85  -5.3771E+000
913.33  2.5623E+001
913.82  3.0623E+001
914.30  4.1623E+001
914.78  4.7623E+001
915.27  6.8623E+001
915.75  6.0623E+001
916.23  6.4623E+001
916.72  4.3623E+001
917.20  2.0623E+001
917.68  3.0623E+001
918.17  3.1623E+001
918.65  4.2623E+001
919.13  8.5623E+001
919.62  1.2062E+002
920.10  1.2762E+002
920.58  1.2362E+002
921.07  1.1462E+002
921.55  1.1162E+002
922.03  7.1623E+001
922.52  8.5623E+001
923.00  6.9623E+001
923.49  5.6623E+001
923.97  7.3623E+001
924.45  1.2162E+002
924.94  1.1362E+002
925.42  9.2623E+001
925.91  7.9623E+001
926.39  6.0623E+001
926.87  4.1623E+001
927.36  4.0623E+001
927.84  3.6623E+001
928.33  3.5623E+001
928.81  4.3623E+001
929.29  5.0623E+001
929.78  3.5623E+001
930.26  3.4623E+001
930.75  6.5623E+001
931.23  5.4623E+001
931.71  2.6623E+001
932.20  3.0623E+001
932.68  5.4623E+001
933.17  5.8623E+001
933.65  7.0623E+001
934.14  6.5623E+001
934.62  6.1623E+001
935.10  5.5623E+001
935.59  5.0623E+001
936.07  2.9623E+001
936.56  7.6229E+000
937.04  1.8623E+001
937.53  -3.3771E+000
938.01  2.6229E+000
938.50  2.5623E+001
938.98  3.8623E+001
939.47  3.1623E+001
939.95  2.8623E+001
940.44  2.9623E+001
940.92  3.6623E+001
941.40  4.5623E+001
941.89  8.5623E+001
942.37  1.0062E+002
942.86  9.3623E+001
943.34  7.2623E+001
943.83  5.3623E+001
944.31  4.6623E+001
944.80  4.8623E+001
945.28  5.9623E+001
945.77  5.4623E+001
946.25  6.4623E+001
946.74  6.3623E+001
947.22  8.2623E+001
947.71  5.8623E+001
948.19  6.2623E+001
948.68  5.2623E+001
949.16  5.7623E+001
949.65  7.7623E+001
950.14  6.8623E+001
950.62  5.1623E+001
951.11  5.6229E+000
951.59  6.6229E+000
952.08  1.6623E+001
952.56  3.6623E+001
953.05  1.7623E+001
953.53  1.3623E+001
954.02  1.6623E+001
954.50  1.4623E+001
954.99  8.6229E+000
955.48  -5.3771E+000
955.96  1.7623E+001
956.45  3.2623E+001
956.93  5.8623E+001
957.42  7.8623E+001
957.90  1.0362E+002
958.39  9.4623E+001
958.87  8.7623E+001
959.36  1.0262E+002
959.85  1.0162E+002
960.33  1.1862E+002
960.82  1.3562E+002
961.30  1.1662E+002
961.79  9.0623E+001
962.28  1.0162E+002
962.76  1.1162E+002
963.25  1.0262E+002
963.73  8.4623E+001
964.22  8.2623E+001
964.71  6.1623E+001
965.19  3.7623E+001
965.68  3.0623E+001
966.16  1.7623E+001
966.65  2.6623E+001
967.14  1.4623E+001
967.62  3.3623E+001
968.11  5.7623E+001
968.60  6.1623E+001
969.08  5.6623E+001
969.57  7.1623E+001
970.05  9.4623E+001
970.54  7.6623E+001
971.03  7.5623E+001
971.51  7.8623E+001
972.00  7.9623E+001
972.49  4.2623E+001
972.97  4.1623E+001
973.46  5.7623E+001
973.95  5.9623E+001
974.43  4.3623E+001
974.92  1.9623E+001
975.41  2.3623E+001
975.89  1.9623E+001
976.38  4.0623E+001
976.87  3.0623E+001
977.35  1.0623E+001
977.84  1.5623E+001
978.33  1.8623E+001
978.81  5.6229E+000
979.30  3.5623E+001
979.79  8.6229E+000
980.27  -2.5377E+001
980.76  -5.4377E+001
981.25  -4.5377E+001
981.74  -3.9377E+001
982.22  -2.3377E+001
982.71  3.6229E+000
983.20  1.7623E+001
983.68  1.0623E+001
984.17  -6.3771E+000
984.66  5.6229E+000
985.15  3.0623E+001
985.63  2.7623E+001
986.12  2.9623E+001
986.61  3.1623E+001
987.09  1.9623E+001
987.58  3.8623E+001
988.07  5.2623E+001
988.56  3.4623E+001
989.04  2.6623E+001
989.53  1.2623E+001
990.02  2.5623E+001
990.51  4.5623E+001
990.99  1.9623E+001
991.48  3.1623E+001
991.97  4.0623E+001
992.46  4.4623E+001
992.94  5.7623E+001
993.43  6.0623E+001
993.92  3.8623E+001
994.41  3.5623E+001
994.90  1.4623E+001
995.38  2.7623E+001
995.87  1.1623E+001
996.36  2.3623E+001
996.85  8.6229E+000
997.33  -4.3771E+000
997.82  5.6229E+000
998.31  3.6229E+000
998.80  4.6229E+000
999.29  1.5623E+001
999.77  2.7623E+001
1000.26  2.4623E+001
1000.75  2.6623E+001
1001.24  7.1623E+001
1001.73  6.7623E+001
1002.21  7.2623E+001
1002.70  7.5623E+001
1003.19  7.2623E+001
1003.68  7.0623E+001
1004.17  6.0623E+001
1004.66  5.6623E+001
1005.14  2.9623E+001
1005.63  1.9623E+001
1006.12  3.5623E+001
1006.61  4.4623E+001
1007.10  3.1623E+001
1007.59  3.4623E+001
1008.07  3.8623E+001
1008.56  1.8623E+001
1009.05  3.5623E+001
1009.54  5.3623E+001
1010.03  6.0623E+001
1010.52  6.7623E+001
1011.01  6.7623E+001
1011.49  5.4623E+001
1011.98  3.5623E+001
1012.47  7.1623E+001
1012.96  7.6623E+001
1013.45  6.0623E+001
1013.94  6.2623E+001
1014.43  8.5623E+001
1014.92  8.4623E+001
1015.40  8.9623E+001
1015.89  1.0162E+002
1016.38  6.4623E+001
1016.87  3.8623E+001
1017.36  4.7623E+001
1017.85  4.9623E+001
1018.34  2.0623E+001
1018.83  9.6229E+000
1019.32  1.9623E+001
1019.80  1.9623E+001
1020.29  1.7623E+001
1020.78  3.8623E+001
1021.27  4.7623E+001
1021.76  6.1623E+001
1022.25  4.2623E+001
1022.74  4.3623E+001
1023.23  5.5623E+001
1023.72  7.3623E+001
1024.21  6.5623E+001
1024.70  6.5623E+001
1025.19  6.7623E+001
1025.68  6.3623E+001
1026.17  6.5623E+001
1026.65  7.5623E+001
1027.14  8.8623E+001
1027.63  7.8623E+001
1028.12  7.3623E+001
1028.61  6.3623E+001
1029.10  3.6623E+001
1029.59  9.6229E+000
1030.08  2.0623E+001
1030.57  2.3623E+001
1031.06  1.7623E+001
1031.55  1.7623E+001
1032.04  2.0623E+001
1032.53  5.6229E+000
1033.02  6.6229E+000
1033.51  2.5623E+001
1034.00  3.8623E+001
1034.49  3.7623E+001
1034.98  5.2623E+001
1035.47  4.9623E+001
1035.96  4.8623E+001
1036.45  3.8623E+001
1036.94  -1.3771E+000
1037.43  -2.4377E+001
1037.92  9.6229E+000
1038.41  3.0623E+001
1038.90  3.7623E+001
1039.39  5.5623E+001
1039.88  4.2623E+001
1040.37  -1.3771E+000
1040.86  6.2290E-001
1041.35  1.2623E+001
1041.84  1.6229E+000
1042.33  1.1623E+001
1042.82  3.8623E+001
1043.31  3.2623E+001
1043.80  4.2623E+001
1044.29  4.1623E+001
1044.78  4.6623E+001
1045.27  5.6623E+001
1045.76  5.4623E+001
1046.25  7.7623E+001
1046.74  8.6623E+001
1047.24  7.3623E+001
1047.73  6.9623E+001
1048.22  6.9623E+001
1048.71  4.9623E+001
1049.20  5.1623E+001
1049.69  4.6623E+001
1050.18  4.3623E+001
1050.67  4.7623E+001
1051.16  6.2623E+001
1051.65  1.5623E+001
1052.14  1.8623E+001
1052.63  3.0623E+001
1053.12  2.2623E+001
1053.61  2.3623E+001
1054.11  4.6229E+000
1054.60  -1.9377E+001
1055.09  -2.6377E+001
1055.58  -1.0377E+001
1056.07  -8.3771E+000
1056.56  -1.3377E+001
1057.05  -2.0377E+001
1057.54  -8.3771E+000
1058.03  -7.3771E+000
1058.52  -1.3771E+000
1059.02  8.6229E+000
1059.51  1.9623E+001
1060.00  -1.2377E+001
1060.49  -3.7710E-001
1060.98  6.6229E+000
1061.47  -6.3771E+000
1061.96  -1.0377E+001
1062.45  -8.3771E+000
1062.95  -2.7377E+001
1063.44  -1.1377E+001
1063.93  -1.0377E+001
1064.42  -1.3771E+000
1064.91  -8.3771E+000
1065.40  -2.3771E+000
1065.90  1.5623E+001
1066.39  1.2623E+001
1066.88  1.7623E+001
1067.37  3.0623E+001
1067.86  3.6623E+001
1068.35  6.2290E-001
1068.84  -2.4377E+001
1069.34  -2.8377E+001
1069.83  -5.5377E+001
1070.32  -3.1377E+001
1070.81  6.6229E+000
1071.30  1.7623E+001
1071.80  1.2623E+001
1072.29  -1.3771E+000
1072.78  -1.5377E+001
1073.27  -2.6377E+001
1073.76  -6.3771E+000
1074.26  8.6229E+000
1074.75  -1.6377E+001
1075.24  -3.3771E+000
1075.73  3.2623E+001
1076.22  4.5623E+001
1076.72  5.6623E+001
1077.21  6.6623E+001
1077.70  7.6623E+001
1078.19  6.2623E+001
1078.68  7.8623E+001
1079.18  9.2623E+001
1079.67  9.2623E+001
1080.16  9.6623E+001
1080.65  8.8623E+001
1081.15  7.3623E+001
1081.64  6.2623E+001
1082.13  3.7623E+001
1082.62  3.1623E+001
1083.11  4.3623E+001
1083.61  4.1623E+001
1084.10  4.7623E+001
1084.59  2.5623E+001
1085.08  3.1623E+001
1085.58  3.5623E+001
1086.07  2.9623E+001
1086.56  3.3623E+001
1087.06  6.3623E+001
1087.55  6.5623E+001
1088.04  8.0623E+001
1088.53  7.3623E+001
1089.03  6.4623E+001
1089.52  5.5623E+001
1090.01  4.0623E+001
1090.50  6.0623E+001
1091.00  8.3623E+001
1091.49  8.1623E+001
1091.98  8.4623E+001
1092.48  7.0623E+001
1092.97  5.0623E+001
1093.46  3.1623E+001
1093.95  5.1623E+001
1094.45  5.0623E+001
1094.94  3.5623E+001
1095.43  7.6229E+000
1095.93  1.8623E+001
1096.42  3.9623E+001
1096.91  3.3623E+001
1097.41  4.1623E+001
1097.90  3.1623E+001
1098.39  4.8623E+001
1098.89  5.1623E+001
1099.38  6.1623E+001
1099.87  3.4623E+001
1100.37  2.0623E+001
1100.86  1.6623E+001
1101.35  9.6229E+000
1101.85  1.1623E+001
1102.34  2.1623E+001
1102.83  2.3623E+001
1103.33  2.4623E+001
1103.82  4.5623E+001
1104.31  7.0623E+001
1104.81  6.6623E+001
1105.30  8.9623E+001
1105.79  9.7623E+001
1106.29  9.0623E+001
1106.78  1.0862E+002
1107.27  1.4562E+002
1107.77  1.4462E+002
1108.26  1.4662E+002
1108.76  1.2762E+002
1109.25  1.1362E+002
1109.74  8.5623E+001
1110.24  8.9623E+001
1110.73  8.3623E+001
1111.23  7.4623E+001
1111.72  5.6623E+001
1112.21  5.0623E+001
1112.71  4.6623E+001
1113.20  5.1623E+001
1113.69  4.5623E+001
1114.19  6.5623E+001
1114.68  5.8623E+001
1115.18  5.0623E+001
1115.67  5.1623E+001
1116.17  3.6623E+001
1116.66  4.7623E+001
1117.15  3.9623E+001
1117.65  5.4623E+001
1118.14  4.9623E+001
1118.64  3.8623E+001
1119.13  2.5623E+001
1119.62  4.7623E+001
1120.12  7.3623E+001
1120.61  9.8623E+001
1121.11  1.0562E+002
1121.60  1.1262E+002
1122.10  9.0623E+001
1122.59  1.0262E+002
1123.09  1.2262E+002
1123.58  1.1562E+002
1124.07  1.0762E+002
1124.57  1.1362E+002
1125.06  9.6623E+001
1125.56  9.6623E+001
1126.05  6.1623E+001
1126.55  -3.7710E-001
1127.04  -3.7710E-001
1127.54  2.3436E+000
1128.03  2.3436E+000
1128.53  2.3436E+000
