" File: Zeller\sep29\al008 15000ms sample 2.SSM
" SCOPE->  Wave:647.21nm  Pix:1050  Val:142.656  Time:15000ms  Avg:1  Sm:0  Sg:0  Tc:on  SNAP  Xt:1  Ch:1  Xtrig
174.89  3.7344E+001
175.32  3.4344E+001
175.75  2.2344E+001
176.19  1.2344E+001
176.62  -2.6564E+000
177.05  -1.7656E+001
177.48  -5.6564E+000
177.91  -4.6564E+000
178.34  -9.6564E+000
178.78  -6.5640E-001
179.21  3.1344E+001
179.64  2.4344E+001
180.07  1.6344E+001
180.51  1.4656E+001
180.94  -1.2344E+001
181.37  -4.6344E+001
181.80  -4.0344E+001
182.23  -2.3344E+001
182.67  -1.0344E+001
183.10  3.6656E+001
183.53  3.8656E+001
183.96  4.9656E+001
184.40  2.5656E+001
184.83  -2.3437E+000
185.26  1.1656E+001
185.69  1.1656E+001
186.13  2.0656E+001
186.56  2.0656E+001
186.99  4.6563E+000
187.42  1.1656E+001
187.86  2.6563E+000
188.29  -1.3437E+000
188.72  -1.6344E+001
189.16  -2.5344E+001
189.59  -2.4344E+001
190.02  -4.3437E+000
190.45  -3.3437E+000
190.89  -1.4344E+001
191.32  -7.3437E+000
191.75  -9.3437E+000
192.19  -3.2344E+001
192.62  -2.4344E+001
193.05  6.6563E+000
193.49  6.6563E+000
193.92  -3.3437E+000
194.35  2.0656E+001
194.79  3.9656E+001
195.22  3.4656E+001
195.65  2.5656E+001
196.09  5.2656E+001
196.52  4.7656E+001
196.95  5.1656E+001
197.39  6.3656E+001
197.82  6.5656E+001
198.25  5.2656E+001
198.69  6.7656E+001
199.12  5.1656E+001
199.56  3.6656E+001
199.99  4.6656E+001
200.42  4.6656E+001
200.86  2.6656E+001
201.29  4.0656E+001
201.73  2.6656E+001
202.16  1.4656E+001
202.59  4.8656E+001
203.03  8.5656E+001
203.46  8.8656E+001
203.90  4.9656E+001
204.33  5.1656E+001
204.76  4.2656E+001
205.20  5.7656E+001
205.63  6.5656E+001
206.07  3.9656E+001
206.50  2.4656E+001
206.94  1.4656E+001
207.37  -3.3437E+000
207.80  -9.3437E+000
208.24  -1.3344E+001
208.67  -6.3437E+000
209.11  -3.4365E-001
209.54  -4.3437E+000
209.98  2.2656E+001
210.41  4.6656E+001
210.85  5.9656E+001
211.28  6.0656E+001
211.72  8.7656E+001
212.15  7.2656E+001
212.59  6.6656E+001
213.02  6.5656E+001
213.45  5.2656E+001
213.89  4.7656E+001
214.32  4.2656E+001
214.76  3.2656E+001
215.19  1.4656E+001
215.63  3.9656E+001
216.07  7.1656E+001
216.50  7.1656E+001
216.94  6.1656E+001
217.37  6.5656E+001
217.81  3.8656E+001
218.24  2.1656E+001
218.68  3.1656E+001
219.11  5.2656E+001
219.55  5.5656E+001
219.98  6.0656E+001
220.42  6.6656E+001
220.85  4.3656E+001
221.29  3.8656E+001
221.72  5.9656E+001
222.16  7.7656E+001
222.60  6.3656E+001
223.03  7.3656E+001
223.47  8.4656E+001
223.90  7.5656E+001
224.34  7.2656E+001
224.78  8.4656E+001
225.21  9.4656E+001
225.65  6.4656E+001
226.08  7.2656E+001
226.52  3.1656E+001
226.95  5.4656E+001
227.39  5.8656E+001
227.83  6.7656E+001
228.26  4.9656E+001
228.70  5.8656E+001
229.14  6.5656E+001
229.57  6.5656E+001
230.01  4.6656E+001
230.44  5.7656E+001
230.88  4.4656E+001
231.32  3.8656E+001
231.75  3.6656E+001
232.19  2.8656E+001
232.63  3.3656E+001
233.06  3.9656E+001
233.50  7.9656E+001
233.94  7.6656E+001
234.37  2.1656E+001
234.81  4.3656E+001
235.25  4.1656E+001
235.68  2.6656E+001
236.12  7.6563E+000
236.56  1.5656E+001
236.99  2.2656E+001
237.43  2.9656E+001
237.87  3.1656E+001
238.30  3.3656E+001
238.74  3.2656E+001
239.18  2.6656E+001
239.61  1.9656E+001
240.05  -1.9344E+001
240.49  -3.2344E+001
240.93  -5.5344E+001
241.36  -3.2344E+001
241.80  -1.3344E+001
242.24  5.6563E+000
242.68  8.6563E+000
243.11  2.8656E+001
243.55  1.2656E+001
243.99  1.9656E+001
244.42  4.2656E+001
244.86  8.0656E+001
245.30  5.6656E+001
245.74  8.5656E+001
246.18  1.1666E+002
246.61  9.7656E+001
247.05  7.3656E+001
247.49  6.8656E+001
247.93  7.0656E+001
248.36  8.0656E+001
248.80  9.5656E+001
249.24  1.0666E+002
249.68  9.1656E+001
250.11  6.5656E+001
250.55  6.0656E+001
250.99  5.0656E+001
251.43  4.7656E+001
251.87  4.9656E+001
252.31  3.6656E+001
252.74  1.6563E+000
253.18  -8.3437E+000
253.62  5.6563E+000
254.06  6.5635E-001
254.50  -4.3437E+000
254.93  -1.7344E+001
255.37  -4.1344E+001
255.81  -3.1344E+001
256.25  -1.3344E+001
256.69  7.6563E+000
257.13  1.7656E+001
257.56  6.5635E-001
258.00  3.6563E+000
258.44  1.2656E+001
258.88  2.5656E+001
259.32  3.9656E+001
259.76  3.5656E+001
260.20  5.3656E+001
260.64  7.8656E+001
261.07  9.7656E+001
261.51  8.5656E+001
261.95  6.6656E+001
262.39  5.9656E+001
262.83  7.2656E+001
263.27  7.8656E+001
263.71  7.8656E+001
264.15  1.1266E+002
264.59  1.1166E+002
265.02  1.3166E+002
265.46  1.3466E+002
265.90  1.5466E+002
266.34  1.2966E+002
266.78  1.0666E+002
267.22  1.0566E+002
267.66  1.2166E+002
268.10  1.0366E+002
268.54  8.3656E+001
268.98  8.8656E+001
269.42  7.3656E+001
269.86  7.2656E+001
270.30  6.0656E+001
270.74  5.4656E+001
271.18  5.6656E+001
271.62  7.4656E+001
272.06  9.9656E+001
272.50  7.8656E+001
272.94  8.9656E+001
273.37  1.1366E+002
273.81  8.8656E+001
274.25  7.5656E+001
274.69  7.9656E+001
275.13  6.5656E+001
275.57  6.4656E+001
276.01  7.0656E+001
276.45  7.6656E+001
276.89  9.2656E+001
277.33  7.2656E+001
277.77  6.5656E+001
278.21  5.8656E+001
278.65  4.7656E+001
279.10  2.1656E+001
279.54  3.1656E+001
279.98  4.7656E+001
280.42  4.3656E+001
280.86  3.6656E+001
281.30  3.7656E+001
281.74  6.4656E+001
282.18  4.8656E+001
282.62  5.6656E+001
283.06  6.1656E+001
283.50  4.9656E+001
283.94  3.6656E+001
284.38  2.9656E+001
284.82  3.2656E+001
285.26  2.6656E+001
285.70  4.0656E+001
286.14  6.1656E+001
286.58  6.1656E+001
287.03  7.7656E+001
287.47  7.4656E+001
287.91  7.5656E+001
288.35  7.1656E+001
288.79  7.3656E+001
289.23  5.2656E+001
289.67  3.2656E+001
290.11  4.1656E+001
290.55  4.0656E+001
291.00  4.3656E+001
291.44  3.8656E+001
291.88  2.7656E+001
292.32  4.6656E+001
292.76  5.6656E+001
293.20  8.5656E+001
293.64  7.4656E+001
294.08  5.5656E+001
294.53  4.3656E+001
294.97  4.0656E+001
295.41  5.4656E+001
295.85  5.9656E+001
296.29  7.3656E+001
296.73  7.9656E+001
297.18  9.5656E+001
297.62  7.8656E+001
298.06  1.0666E+002
298.50  1.2866E+002
298.94  1.1366E+002
299.38  1.2066E+002
299.83  1.1266E+002
300.27  1.0466E+002
300.71  1.1066E+002
301.15  1.0566E+002
301.59  1.0366E+002
302.04  1.3066E+002
302.48  1.2766E+002
302.92  1.2866E+002
303.36  1.1166E+002
303.80  1.0566E+002
304.25  8.7656E+001
304.69  6.9656E+001
305.13  3.4656E+001
305.57  3.2656E+001
306.02  3.1656E+001
306.46  1.7656E+001
306.90  -1.3437E+000
307.34  1.9656E+001
307.79  4.5656E+001
308.23  5.0656E+001
308.67  4.1656E+001
309.11  3.2656E+001
309.56  3.6656E+001
310.00  9.6563E+000
310.44  -1.2344E+001
310.88  -1.3344E+001
311.33  -2.3437E+000
311.77  -9.3437E+000
312.21  7.6563E+000
312.66  -1.4344E+001
313.10  -1.4344E+001
313.54  2.1656E+001
313.98  1.3656E+001
314.43  -8.3437E+000
314.87  -6.3437E+000
315.31  2.7656E+001
315.76  1.7656E+001
316.20  1.4656E+001
316.64  1.2656E+001
317.09  3.3656E+001
317.53  2.9656E+001
317.97  4.9656E+001
318.42  4.6656E+001
318.86  4.4656E+001
319.30  4.7656E+001
319.75  4.5656E+001
320.19  4.7656E+001
320.63  4.1656E+001
321.08  3.9656E+001
321.52  6.0656E+001
321.96  7.1656E+001
322.41  6.3656E+001
322.85  7.9656E+001
323.30  6.3656E+001
323.74  3.5656E+001
324.18  -1.3437E+000
324.63  -2.5344E+001
325.07  -3.0344E+001
325.52  -1.0344E+001
325.96  1.0656E+001
326.40  1.1656E+001
326.85  4.2656E+001
327.29  8.3656E+001
327.74  9.3656E+001
328.18  9.3656E+001
328.62  1.1566E+002
329.07  1.0466E+002
329.51  9.7656E+001
329.96  8.9656E+001
330.40  1.0266E+002
330.84  9.8656E+001
331.29  8.0656E+001
331.73  8.7656E+001
332.18  8.4656E+001
332.62  7.0656E+001
333.07  5.6656E+001
333.51  7.5656E+001
333.96  8.2656E+001
334.40  8.9656E+001
334.85  8.0656E+001
335.29  3.5656E+001
335.73  3.3656E+001
336.18  3.4656E+001
336.62  2.1656E+001
337.07  2.4656E+001
337.51  5.5656E+001
337.96  6.3656E+001
338.40  6.5656E+001
338.85  1.0266E+002
339.29  1.1466E+002
339.74  1.1966E+002
340.18  1.1066E+002
340.63  1.1266E+002
341.07  1.0866E+002
341.52  1.1666E+002
341.96  1.0566E+002
342.41  1.0566E+002
342.85  8.1656E+001
343.30  6.3656E+001
343.74  4.3656E+001
344.19  7.1656E+001
344.64  9.4656E+001
345.08  8.7656E+001
345.53  8.0656E+001
345.97  9.0656E+001
346.42  1.0866E+002
346.86  1.2766E+002
347.31  1.2566E+002
347.75  1.2666E+002
348.20  1.3766E+002
348.65  1.4366E+002
349.09  1.6366E+002
349.54  1.6366E+002
349.98  1.5366E+002
350.43  1.9366E+002
350.87  1.9366E+002
351.32  1.8766E+002
351.77  1.7266E+002
352.21  1.5966E+002
352.66  1.4466E+002
353.10  1.4066E+002
353.55  1.5866E+002
354.00  1.7966E+002
354.44  1.9666E+002
354.89  1.7266E+002
355.34  1.7966E+002
355.78  1.7966E+002
356.23  1.5366E+002
356.67  1.3166E+002
357.12  1.2666E+002
357.57  1.1866E+002
358.01  1.2366E+002
358.46  1.2366E+002
358.91  1.2566E+002
359.35  1.2366E+002
359.80  8.8656E+001
360.25  6.6656E+001
360.69  7.1656E+001
361.14  9.8656E+001
361.59  7.8656E+001
362.03  7.8656E+001
362.48  1.0566E+002
362.93  1.5166E+002
363.37  1.5766E+002
363.82  1.2466E+002
364.27  1.0866E+002
364.71  1.0566E+002
365.16  7.6656E+001
365.61  9.0656E+001
366.05  9.9656E+001
366.50  1.0866E+002
366.95  1.0966E+002
367.40  1.0666E+002
367.84  9.9656E+001
368.29  8.7656E+001
368.74  1.0066E+002
369.18  6.5656E+001
369.63  6.7656E+001
370.08  7.3656E+001
370.53  7.2656E+001
370.97  7.9656E+001
371.42  7.4656E+001
371.87  7.6656E+001
372.32  7.6656E+001
372.76  9.0656E+001
373.21  7.9656E+001
373.66  9.0656E+001
374.11  7.9656E+001
374.55  8.1656E+001
375.00  9.0656E+001
375.45  9.5656E+001
375.90  9.2656E+001
376.35  8.3656E+001
376.79  8.9656E+001
377.24  1.0166E+002
377.69  9.0656E+001
378.14  9.1656E+001
378.58  7.3656E+001
379.03  6.7656E+001
379.48  6.7656E+001
379.93  5.4656E+001
380.38  6.4656E+001
380.83  7.5656E+001
381.27  5.9656E+001
381.72  8.8656E+001
382.17  1.2266E+002
382.62  1.2966E+002
383.07  1.3566E+002
383.51  1.2666E+002
383.96  1.3766E+002
384.41  1.2466E+002
384.86  1.3066E+002
385.31  1.3466E+002
385.76  1.3466E+002
386.21  1.5166E+002
386.65  1.4966E+002
387.10  1.4566E+002
387.55  1.6066E+002
388.00  2.0466E+002
388.45  2.1366E+002
388.90  2.0866E+002
389.35  2.1066E+002
389.80  2.1866E+002
390.24  2.0166E+002
390.69  2.1266E+002
391.14  1.8966E+002
391.59  1.9866E+002
392.04  2.2066E+002
392.49  2.3266E+002
392.94  2.3366E+002
393.39  2.6366E+002
393.84  3.0666E+002
394.29  3.2366E+002
394.73  3.5266E+002
395.18  4.0466E+002
395.63  4.3666E+002
396.08  4.4566E+002
396.53  5.2966E+002
396.98  6.1066E+002
397.43  7.3266E+002
397.88  8.5166E+002
398.33  1.0037E+003
398.78  1.2327E+003
399.23  1.5587E+003
399.68  2.0807E+003
400.13  2.9567E+003
400.58  4.3297E+003
401.03  5.9377E+003
401.48  7.0697E+003
401.93  7.3287E+003
402.38  7.1207E+003
402.83  6.6977E+003
403.28  6.2557E+003
403.73  5.7987E+003
404.18  5.3877E+003
404.63  4.9697E+003
405.08  4.5797E+003
405.53  4.1827E+003
405.98  3.8157E+003
406.43  3.5027E+003
406.88  3.2127E+003
407.33  2.9427E+003
407.78  2.6777E+003
408.23  2.4147E+003
408.68  2.1787E+003
409.13  1.9767E+003
409.58  1.7837E+003
410.03  1.5917E+003
410.48  1.4467E+003
410.93  1.3137E+003
411.38  1.2367E+003
411.83  1.1427E+003
412.28  1.0707E+003
412.73  9.6966E+002
413.18  9.0166E+002
413.63  8.4266E+002
414.08  7.4966E+002
414.53  7.1166E+002
414.98  6.4166E+002
415.43  5.9766E+002
415.88  5.4966E+002
416.34  4.9466E+002
416.79  4.7766E+002
417.24  4.2466E+002
417.69  4.1266E+002
418.14  4.0666E+002
418.59  3.7066E+002
419.04  3.4566E+002
419.49  3.3966E+002
419.94  3.2166E+002
420.39  2.9366E+002
420.85  2.9266E+002
421.30  2.9166E+002
421.75  2.6666E+002
422.20  2.6666E+002
422.65  2.8066E+002
423.10  2.6966E+002
423.55  2.6766E+002
424.00  2.8566E+002
424.46  2.8266E+002
424.91  2.8966E+002
425.36  2.7866E+002
425.81  2.4166E+002
426.26  2.1666E+002
426.71  2.0766E+002
427.16  2.1066E+002
427.62  1.8066E+002
428.07  1.4866E+002
428.52  1.3066E+002
428.97  1.2966E+002
429.42  1.4166E+002
429.88  1.4966E+002
430.33  1.5366E+002
430.78  1.8166E+002
431.23  1.8866E+002
431.68  1.9266E+002
432.13  1.5466E+002
432.59  1.4466E+002
433.04  1.3166E+002
433.49  1.4666E+002
433.94  1.9566E+002
434.40  2.4266E+002
434.85  2.8766E+002
435.30  3.1166E+002
435.75  3.0066E+002
436.20  2.5066E+002
436.66  2.5066E+002
437.11  2.6466E+002
437.56  2.5766E+002
438.01  2.4166E+002
438.47  2.5066E+002
438.92  2.3766E+002
439.37  2.0466E+002
439.82  1.8866E+002
440.28  1.8166E+002
440.73  1.8066E+002
441.18  1.5966E+002
441.63  1.6466E+002
442.09  1.7166E+002
442.54  1.6866E+002
442.99  1.6466E+002
443.44  1.3466E+002
443.90  1.2366E+002
444.35  1.3366E+002
444.80  1.4666E+002
445.26  1.5266E+002
445.71  1.5566E+002
446.16  1.4066E+002
446.62  1.2666E+002
447.07  1.5666E+002
447.52  1.8966E+002
447.97  2.0466E+002
448.43  1.6866E+002
448.88  1.5666E+002
449.33  1.6266E+002
449.79  1.6166E+002
450.24  1.5366E+002
450.69  1.4066E+002
451.15  1.1866E+002
451.60  1.2866E+002
452.05  1.1266E+002
452.51  9.3656E+001
452.96  9.2656E+001
453.41  9.6656E+001
453.87  9.0656E+001
454.32  9.7656E+001
454.78  1.1166E+002
455.23  1.1266E+002
455.68  1.3666E+002
456.14  1.4466E+002
456.59  1.5866E+002
457.04  1.6866E+002
457.50  1.8366E+002
457.95  1.7266E+002
458.41  1.4966E+002
458.86  1.4266E+002
459.31  1.2466E+002
459.77  1.0866E+002
460.22  9.4656E+001
460.68  7.4656E+001
461.13  4.8656E+001
461.58  4.9656E+001
462.04  5.5656E+001
462.49  3.6656E+001
462.95  1.7656E+001
463.40  -1.2344E+001
463.86  -2.0344E+001
464.31  -2.6344E+001
464.76  -2.5344E+001
465.22  1.4656E+001
465.67  3.3656E+001
466.13  3.2656E+001
466.58  2.1656E+001
467.04  3.4656E+001
467.49  4.4656E+001
467.95  4.9656E+001
468.40  8.1656E+001
468.85  9.3656E+001
469.31  1.0866E+002
469.76  1.1666E+002
470.22  9.7656E+001
470.67  7.6656E+001
471.13  7.7656E+001
471.58  5.8656E+001
472.04  5.9656E+001
472.49  5.7656E+001
472.95  2.4656E+001
473.40  1.6656E+001
473.86  2.6656E+001
474.31  3.4656E+001
474.77  4.0656E+001
475.22  6.5656E+001
475.68  8.8656E+001
476.13  1.0066E+002
476.59  1.0366E+002
477.04  1.1266E+002
477.50  1.0566E+002
477.95  1.0166E+002
478.41  1.0766E+002
478.87  1.3266E+002
479.32  1.4366E+002
479.78  1.5166E+002
480.23  1.3566E+002
480.69  9.2656E+001
481.14  7.8656E+001
481.60  9.5656E+001
482.05  1.0666E+002
482.51  1.2066E+002
482.96  1.5166E+002
483.42  1.4666E+002
483.88  1.4866E+002
484.33  1.8366E+002
484.79  2.1866E+002
485.24  2.2766E+002
485.70  2.6066E+002
486.16  3.0766E+002
486.61  3.1566E+002
487.07  3.2266E+002
487.52  3.3866E+002
487.98  3.4966E+002
488.44  3.5066E+002
488.89  3.5066E+002
489.35  3.7266E+002
489.80  3.7166E+002
490.26  3.6766E+002
490.72  3.8666E+002
491.17  3.7266E+002
491.63  3.6266E+002
492.08  3.8566E+002
492.54  4.0266E+002
493.00  3.8466E+002
493.45  3.9366E+002
493.91  4.2066E+002
494.37  3.8166E+002
494.82  3.4666E+002
495.28  3.4366E+002
495.74  3.1066E+002
496.19  3.0366E+002
496.65  3.0666E+002
497.11  3.3066E+002
497.56  3.2666E+002
498.02  3.2466E+002
498.48  3.1066E+002
498.93  2.7066E+002
499.39  2.4466E+002
499.85  2.3766E+002
500.30  2.3166E+002
500.76  2.3766E+002
501.22  2.4966E+002
501.67  2.5666E+002
502.13  2.2866E+002
502.59  2.1266E+002
503.05  2.1766E+002
503.50  1.9766E+002
503.96  1.6266E+002
504.42  1.6766E+002
504.87  1.4866E+002
505.33  1.4866E+002
505.79  1.5566E+002
506.25  1.6666E+002
506.70  1.6466E+002
507.16  1.6966E+002
507.62  1.7766E+002
508.08  1.7666E+002
508.53  1.8666E+002
508.99  1.8366E+002
509.45  1.7866E+002
509.91  1.6766E+002
510.36  1.6766E+002
510.82  1.6866E+002
511.28  1.6066E+002
511.74  1.2266E+002
512.19  1.1866E+002
512.65  1.0866E+002
513.11  9.6656E+001
513.57  1.0066E+002
514.03  1.1666E+002
514.48  1.2566E+002
514.94  1.4066E+002
515.40  1.3466E+002
515.86  1.4266E+002
516.32  1.4566E+002
516.77  1.4366E+002
517.23  1.2166E+002
517.69  1.1166E+002
518.15  1.2966E+002
518.61  1.2666E+002
519.06  1.1166E+002
519.52  1.3966E+002
519.98  1.2866E+002
520.44  1.4266E+002
520.90  1.6966E+002
521.36  1.8666E+002
521.81  1.7066E+002
522.27  1.7166E+002
522.73  1.3966E+002
523.19  1.4366E+002
523.65  1.6666E+002
524.11  1.5166E+002
524.57  1.4666E+002
525.02  1.3266E+002
525.48  1.2966E+002
525.94  1.1066E+002
526.40  7.9656E+001
526.86  4.4656E+001
527.32  4.6656E+001
527.78  6.7656E+001
528.24  6.7656E+001
528.69  5.1656E+001
529.15  6.4656E+001
529.61  8.5656E+001
530.07  9.6656E+001
530.53  1.1266E+002
530.99  1.5066E+002
531.45  1.5566E+002
531.91  1.5466E+002
532.37  1.6266E+002
532.83  1.4266E+002
533.29  1.4066E+002
533.74  1.4766E+002
534.20  1.7166E+002
534.66  2.0966E+002
535.12  1.8966E+002
535.58  1.6666E+002
536.04  1.7966E+002
536.50  1.8366E+002
536.96  1.9466E+002
537.42  2.2266E+002
537.88  2.4766E+002
538.34  3.0066E+002
538.80  3.4466E+002
539.26  4.0766E+002
539.72  4.6066E+002
540.18  5.3966E+002
540.64  6.4766E+002
541.10  7.7366E+002
541.56  9.0466E+002
542.02  1.0097E+003
542.48  1.1197E+003
542.94  1.2207E+003
543.40  1.2847E+003
543.86  1.3477E+003
544.32  1.4187E+003
544.78  1.4817E+003
545.24  1.5257E+003
545.70  1.5127E+003
546.16  1.4657E+003
546.62  1.4107E+003
547.08  1.3567E+003
547.54  1.2857E+003
548.00  1.2047E+003
548.46  1.1597E+003
548.92  1.1027E+003
549.38  1.0537E+003
549.84  1.0227E+003
550.30  9.6966E+002
550.76  9.2566E+002
551.22  8.9266E+002
551.68  8.5266E+002
552.14  7.9566E+002
552.60  7.4766E+002
553.06  7.1766E+002
553.52  6.5366E+002
553.98  6.1266E+002
554.44  6.0466E+002
554.90  5.8666E+002
555.37  5.2266E+002
555.83  4.8766E+002
556.29  4.8766E+002
556.75  4.5866E+002
557.21  4.2866E+002
557.67  4.2866E+002
558.13  3.7966E+002
558.59  3.6166E+002
559.05  3.3466E+002
559.51  3.2666E+002
559.97  2.9266E+002
560.44  2.7366E+002
560.90  2.7466E+002
561.36  2.7566E+002
561.82  2.6766E+002
562.28  2.7366E+002
562.74  2.8166E+002
563.20  2.7466E+002
563.66  2.7566E+002
564.13  2.7266E+002
564.59  2.3466E+002
565.05  2.0266E+002
565.51  2.0866E+002
565.97  2.1166E+002
566.43  2.0266E+002
566.89  2.0266E+002
567.36  2.0966E+002
567.82  2.1666E+002
568.28  2.3866E+002
568.74  2.5366E+002
569.20  2.4066E+002
569.66  2.2866E+002
570.13  2.3266E+002
570.59  2.3866E+002
571.05  2.4366E+002
571.51  2.5966E+002
571.97  2.5666E+002
572.44  2.4966E+002
572.90  2.4766E+002
573.36  2.6266E+002
573.82  2.4266E+002
574.28  2.5166E+002
574.75  2.4166E+002
575.21  2.4766E+002
575.67  2.8266E+002
576.13  2.9266E+002
576.59  3.0866E+002
577.06  2.8566E+002
577.52  2.9766E+002
577.98  3.2066E+002
578.44  3.1766E+002
578.91  3.2666E+002
579.37  3.6866E+002
579.83  3.8366E+002
580.29  3.9966E+002
580.76  4.1566E+002
581.22  4.1966E+002
581.68  4.4766E+002
582.14  4.6066E+002
582.61  4.7766E+002
583.07  4.8466E+002
583.53  5.0166E+002
583.99  4.9766E+002
584.46  4.9566E+002
584.92  5.0466E+002
585.38  5.2366E+002
585.84  5.4866E+002
586.31  5.7066E+002
586.77  5.7966E+002
587.23  6.0766E+002
587.70  6.0066E+002
588.16  5.8766E+002
588.62  5.7266E+002
589.09  5.8066E+002
589.55  5.6766E+002
590.01  5.2866E+002
590.47  4.9166E+002
590.94  4.6066E+002
591.40  4.4366E+002
591.86  4.2666E+002
592.33  4.2066E+002
592.79  4.1266E+002
593.25  3.9066E+002
593.72  3.8066E+002
594.18  3.8766E+002
594.64  3.8066E+002
595.11  3.5366E+002
595.57  3.3266E+002
596.03  3.1366E+002
596.50  2.9566E+002
596.96  2.8766E+002
597.43  2.6566E+002
597.89  2.5166E+002
598.35  2.5366E+002
598.82  2.6166E+002
599.28  2.7166E+002
599.74  2.6166E+002
600.21  2.3266E+002
600.67  2.1666E+002
601.14  2.0866E+002
601.60  2.3866E+002
602.06  2.3266E+002
602.53  2.1366E+002
602.99  1.8266E+002
603.46  1.6066E+002
603.92  1.6066E+002
604.38  1.8266E+002
604.85  1.7666E+002
605.31  1.5666E+002
605.78  1.7766E+002
606.24  1.9166E+002
606.70  1.9966E+002
607.17  2.0166E+002
607.63  2.0066E+002
608.10  2.1866E+002
608.56  2.5366E+002
609.03  3.2766E+002
609.49  4.2766E+002
609.95  5.4766E+002
610.42  6.7966E+002
610.88  8.0866E+002
611.35  9.1866E+002
611.81  9.9166E+002
612.28  1.0497E+003
612.74  1.0557E+003
613.21  1.0327E+003
613.67  1.0047E+003
614.14  9.4566E+002
614.60  9.1166E+002
615.07  8.8366E+002
615.53  8.3666E+002
616.00  7.9266E+002
616.46  7.5566E+002
616.93  7.2266E+002
617.39  6.6766E+002
617.85  6.4066E+002
618.32  5.9166E+002
618.78  5.6166E+002
619.25  5.2666E+002
619.72  4.9566E+002
620.18  4.7466E+002
620.65  4.4466E+002
621.11  4.3766E+002
621.58  4.1066E+002
622.04  3.7166E+002
622.51  3.6266E+002
622.97  3.4866E+002
623.44  3.0866E+002
623.90  3.1566E+002
624.37  3.1466E+002
624.83  2.9266E+002
625.30  2.6666E+002
625.76  2.8666E+002
626.23  2.7466E+002
626.70  2.6266E+002
627.16  2.6966E+002
627.63  2.5466E+002
628.09  2.4166E+002
628.56  2.3366E+002
629.02  2.2766E+002
629.49  2.1166E+002
629.96  2.0566E+002
630.42  2.0066E+002
630.89  1.9566E+002
631.35  2.1466E+002
631.82  2.1966E+002
632.28  2.0466E+002
632.75  1.9966E+002
633.22  2.0366E+002
633.68  2.1066E+002
634.15  2.3066E+002
634.61  2.3866E+002
635.08  2.5866E+002
635.55  2.3766E+002
636.01  2.0766E+002
636.48  2.0366E+002
636.95  1.9966E+002
637.41  1.8766E+002
637.88  2.0766E+002
638.34  2.0866E+002
638.81  1.9066E+002
639.28  1.7966E+002
639.74  1.8166E+002
640.21  1.5266E+002
640.68  1.3666E+002
641.14  1.5366E+002
641.61  1.6466E+002
642.08  1.3866E+002
642.54  1.3966E+002
643.01  1.4366E+002
643.48  1.5066E+002
643.94  1.6866E+002
644.41  1.7566E+002
644.88  1.6166E+002
645.34  1.4566E+002
645.81  1.5966E+002
646.28  1.3866E+002
646.74  1.3466E+002
647.21  1.4266E+002
647.68  1.3766E+002
648.14  1.4266E+002
648.61  1.4866E+002
649.08  1.3966E+002
649.55  1.3066E+002
650.01  1.3266E+002
650.48  1.1866E+002
650.95  1.2566E+002
651.41  9.5656E+001
651.88  6.5656E+001
652.35  5.7656E+001
652.82  8.0656E+001
653.28  6.2656E+001
653.75  7.1656E+001
654.22  6.9656E+001
654.69  6.1656E+001
655.15  8.1656E+001
655.62  1.1266E+002
656.09  1.2266E+002
656.56  1.1066E+002
657.02  1.0466E+002
657.49  1.0966E+002
657.96  1.0566E+002
658.43  1.2266E+002
658.89  1.3266E+002
659.36  1.0566E+002
659.83  1.0966E+002
660.30  1.2366E+002
660.76  1.3966E+002
661.23  1.2266E+002
661.70  1.2566E+002
662.17  1.5166E+002
662.64  1.2466E+002
663.10  1.1666E+002
663.57  1.2766E+002
664.04  1.2766E+002
664.51  1.5466E+002
664.98  1.5166E+002
665.44  1.3866E+002
665.91  1.2166E+002
666.38  1.0566E+002
666.85  1.2966E+002
667.32  1.4166E+002
667.79  1.3366E+002
668.25  1.2666E+002
668.72  1.0366E+002
669.19  9.5656E+001
669.66  8.7656E+001
670.13  8.3656E+001
670.60  7.6656E+001
671.06  9.5656E+001
671.53  1.1166E+002
672.00  9.9656E+001
672.47  1.0266E+002
672.94  1.0366E+002
673.41  8.1656E+001
673.88  8.8656E+001
674.34  1.2266E+002
674.81  1.1366E+002
675.28  9.2656E+001
675.75  9.5656E+001
676.22  1.0066E+002
676.69  7.9656E+001
677.16  7.7656E+001
677.63  1.0166E+002
678.09  1.1066E+002
678.56  1.0966E+002
679.03  1.3266E+002
679.50  1.5066E+002
679.97  1.5266E+002
680.44  1.4766E+002
680.91  1.4766E+002
681.38  1.4466E+002
681.85  1.2366E+002
682.32  1.0266E+002
682.79  9.3656E+001
683.26  8.8656E+001
683.72  6.7656E+001
684.19  5.2656E+001
684.66  6.3656E+001
685.13  7.2656E+001
685.60  4.9656E+001
686.07  2.6656E+001
686.54  1.8656E+001
687.01  2.0656E+001
687.48  1.4656E+001
687.95  3.0656E+001
688.42  4.5656E+001
688.89  3.7656E+001
689.36  3.7656E+001
689.83  2.6656E+001
690.30  3.3656E+001
690.77  2.1656E+001
691.24  1.8656E+001
691.71  -2.3437E+000
692.18  -9.3437E+000
692.65  -2.0344E+001
693.12  -1.0344E+001
693.59  -1.3344E+001
694.06  1.3656E+001
694.53  -3.4365E-001
695.00  7.6563E+000
695.47  1.7656E+001
695.94  -5.3437E+000
696.41  -1.1344E+001
696.88  -4.3437E+000
697.35  -2.4344E+001
697.82  -2.7344E+001
698.29  -2.2344E+001
698.76  -1.0344E+001
699.23  -1.6344E+001
699.70  -4.0344E+001
700.17  -3.1344E+001
700.64  -2.5344E+001
701.11  -4.3437E+000
701.58  -2.6344E+001
702.05  -1.7344E+001
702.52  -2.0344E+001
702.99  -2.1344E+001
703.46  -3.4365E-001
703.93  1.4656E+001
704.40  2.4656E+001
704.87  1.7656E+001
705.34  1.7656E+001
705.82  1.2656E+001
706.29  4.2656E+001
706.76  7.1656E+001
707.23  9.1656E+001
707.70  1.1966E+002
708.17  1.3666E+002
708.64  1.2266E+002
709.11  1.1166E+002
709.58  1.1966E+002
710.05  1.0966E+002
710.52  1.0666E+002
710.99  1.3266E+002
711.47  1.4966E+002
711.94  1.4766E+002
712.41  1.5366E+002
712.88  1.6966E+002
713.35  1.8966E+002
713.82  2.0766E+002
714.29  1.7266E+002
714.76  1.8666E+002
715.24  1.8066E+002
715.71  1.7066E+002
716.18  1.5966E+002
716.65  1.2966E+002
717.12  1.1266E+002
717.59  1.0366E+002
718.06  8.5656E+001
718.54  9.4656E+001
719.01  8.6656E+001
719.48  7.3656E+001
719.95  5.6656E+001
720.42  6.2656E+001
720.89  7.6656E+001
721.37  6.4656E+001
721.84  6.9656E+001
722.31  7.0656E+001
722.78  6.1656E+001
723.25  4.5656E+001
723.72  5.2656E+001
724.20  5.3656E+001
724.67  5.6656E+001
725.14  7.9656E+001
725.61  8.6656E+001
726.08  8.5656E+001
726.56  4.0656E+001
727.03  2.7656E+001
727.50  4.9656E+001
727.97  7.6656E+001
728.44  8.9656E+001
728.92  9.1656E+001
729.39  1.1966E+002
729.86  1.1166E+002
730.33  1.3466E+002
730.81  1.4166E+002
731.28  1.4566E+002
731.75  1.3166E+002
732.22  1.3366E+002
732.69  1.2566E+002
733.17  1.1466E+002
733.64  1.0966E+002
734.11  1.1166E+002
734.58  1.1466E+002
735.06  1.0366E+002
735.53  1.0066E+002
736.00  9.6656E+001
736.47  8.5656E+001
736.95  1.0066E+002
737.42  1.0266E+002
737.89  9.8656E+001
738.37  9.5656E+001
738.84  1.0566E+002
739.31  9.4656E+001
739.78  7.3656E+001
740.26  8.1656E+001
740.73  6.8656E+001
741.20  4.5656E+001
741.68  4.0656E+001
742.15  5.2656E+001
742.62  7.0656E+001
743.09  8.8656E+001
743.57  1.2266E+002
744.04  1.0966E+002
744.51  8.7656E+001
744.99  8.6656E+001
745.46  8.5656E+001
745.93  8.6656E+001
746.41  1.0066E+002
746.88  1.1566E+002
747.35  1.3166E+002
747.83  1.0966E+002
748.30  1.0066E+002
748.77  9.6656E+001
749.25  7.3656E+001
749.72  4.1656E+001
750.19  2.0656E+001
750.67  3.2656E+001
751.14  3.0656E+001
751.61  4.9656E+001
752.09  6.2656E+001
752.56  5.8656E+001
753.04  4.7656E+001
753.51  5.2656E+001
753.98  3.0656E+001
754.46  1.9656E+001
754.93  2.0656E+001
755.40  1.2656E+001
755.88  2.6563E+000
756.35  -1.8344E+001
756.83  6.5635E-001
757.30  5.6563E+000
757.77  2.1656E+001
758.25  2.1656E+001
758.72  3.0656E+001
759.20  3.5656E+001
759.67  5.0656E+001
760.14  5.3656E+001
760.62  4.1656E+001
761.09  2.7656E+001
761.57  2.9656E+001
762.04  1.1656E+001
762.52  3.6563E+000
762.99  1.4656E+001
763.46  4.9656E+001
763.94  4.8656E+001
764.41  5.2656E+001
764.89  6.6656E+001
765.36  9.5656E+001
765.84  1.0166E+002
766.31  1.0366E+002
766.78  8.6656E+001
767.26  7.3656E+001
767.73  3.8656E+001
768.21  4.2656E+001
768.68  3.5656E+001
769.16  2.2656E+001
769.63  1.7656E+001
770.11  2.8656E+001
770.58  4.0656E+001
771.06  3.9656E+001
771.53  2.5656E+001
772.01  2.3656E+001
772.48  1.2656E+001
772.96  4.6563E+000
773.43  -3.3437E+000
773.91  -1.2344E+001
774.38  -1.1344E+001
774.86  5.6563E+000
775.33  6.6563E+000
775.81  1.5656E+001
776.28  -3.3437E+000
776.76  -3.4365E-001
777.23  3.1656E+001
777.71  4.4656E+001
778.18  2.8656E+001
778.66  2.8656E+001
779.13  4.2656E+001
779.61  2.3656E+001
780.08  1.2656E+001
780.56  5.6563E+000
781.03  1.5656E+001
781.51  1.2656E+001
781.98  1.3656E+001
782.46  2.6656E+001
782.94  2.3656E+001
783.41  1.1656E+001
783.89  2.0656E+001
784.36  2.7656E+001
784.84  1.3656E+001
785.31  2.2656E+001
785.79  1.9656E+001
786.27  3.3656E+001
786.74  4.4656E+001
787.22  4.2656E+001
787.69  5.8656E+001
788.17  6.8656E+001
788.64  7.7656E+001
789.12  6.6656E+001
789.60  7.9656E+001
790.07  6.7656E+001
790.55  4.0656E+001
791.02  4.8656E+001
791.50  4.8656E+001
791.98  5.0656E+001
792.45  3.5656E+001
792.93  5.7656E+001
793.40  4.6656E+001
793.88  6.0656E+001
794.36  6.9656E+001
794.83  5.3656E+001
795.31  3.4656E+001
795.79  3.2656E+001
796.26  5.3656E+001
796.74  7.1656E+001
797.21  5.3656E+001
797.69  4.4656E+001
798.17  3.0656E+001
798.64  3.6656E+001
799.12  5.3656E+001
799.60  6.8656E+001
800.07  5.3656E+001
800.55  7.1656E+001
801.03  6.6656E+001
801.50  5.0656E+001
801.98  2.8656E+001
802.46  1.2656E+001
802.93  3.6563E+000
803.41  1.3656E+001
803.89  1.7656E+001
804.36  4.0656E+001
804.84  3.6656E+001
805.32  3.3656E+001
805.79  4.7656E+001
806.27  8.2656E+001
806.75  9.1656E+001
807.23  8.6656E+001
807.70  7.5656E+001
808.18  6.3656E+001
808.66  6.5656E+001
809.13  6.6656E+001
809.61  5.4656E+001
810.09  1.2656E+001
810.56  2.4656E+001
811.04  3.5656E+001
811.52  4.7656E+001
812.00  3.5656E+001
812.47  4.9656E+001
812.95  6.4656E+001
813.43  5.8656E+001
813.91  6.3656E+001
814.38  8.0656E+001
814.86  7.4656E+001
815.34  6.9656E+001
815.82  6.7656E+001
816.29  8.9656E+001
816.77  8.6656E+001
817.25  8.7656E+001
817.73  6.5656E+001
818.20  6.4656E+001
818.68  7.7656E+001
819.16  8.8656E+001
819.64  9.8656E+001
820.11  8.2656E+001
820.59  5.6656E+001
821.07  4.6656E+001
821.55  5.4656E+001
822.03  6.8656E+001
822.50  7.5656E+001
822.98  6.5656E+001
823.46  7.8656E+001
823.94  8.0656E+001
824.42  8.0656E+001
824.89  8.4656E+001
825.37  7.6656E+001
825.85  8.0656E+001
826.33  4.8656E+001
826.81  6.2656E+001
827.28  5.3656E+001
827.76  4.8656E+001
828.24  6.4656E+001
828.72  6.0656E+001
829.20  6.6656E+001
829.68  6.4656E+001
830.15  5.7656E+001
830.63  5.0656E+001
831.11  4.3656E+001
831.59  4.6656E+001
832.07  4.7656E+001
832.55  3.9656E+001
833.02  4.1656E+001
833.50  4.6656E+001
833.98  5.2656E+001
834.46  4.7656E+001
834.94  2.7656E+001
835.42  1.7656E+001
835.90  1.2656E+001
836.37  -1.7344E+001
836.85  -4.4344E+001
837.33  -3.1344E+001
837.81  -2.0344E+001
838.29  -1.2344E+001
838.77  -4.7344E+001
839.25  -2.9344E+001
839.73  -3.7344E+001
840.21  -3.9344E+001
840.68  -4.5344E+001
841.16  -3.3344E+001
841.64  -3.5344E+001
842.12  -4.8344E+001
842.60  -3.0344E+001
843.08  -2.8344E+001
843.56  -1.7344E+001
844.04  -1.3437E+000
844.52  -1.9344E+001
845.00  -1.9344E+001
845.48  -1.6344E+001
845.96  6.5635E-001
846.43  -2.1344E+001
846.91  -2.6344E+001
847.39  3.6563E+000
847.87  6.5635E-001
848.35  -7.3437E+000
848.83  -2.5344E+001
849.31  -1.0344E+001
849.79  2.0656E+001
850.27  7.6563E+000
850.75  1.6656E+001
851.23  2.3656E+001
851.71  2.9656E+001
852.19  4.0656E+001
852.67  3.6563E+000
853.15  2.4656E+001
853.63  4.1656E+001
854.11  4.8656E+001
854.59  4.4656E+001
855.07  2.8656E+001
855.55  3.9656E+001
856.03  3.8656E+001
856.51  4.7656E+001
856.99  2.2656E+001
857.47  1.6563E+000
857.95  -3.3437E+000
858.43  3.6563E+000
858.91  3.6563E+000
859.39  2.5656E+001
859.87  2.9656E+001
860.35  2.5656E+001
860.83  2.6563E+000
861.31  9.6563E+000
861.79  2.6656E+001
862.27  3.2656E+001
862.75  4.4656E+001
863.23  7.4656E+001
863.71  6.0656E+001
864.19  5.4656E+001
864.67  6.7656E+001
865.15  6.8656E+001
865.63  7.3656E+001
866.11  6.2656E+001
866.59  7.8656E+001
867.07  6.9656E+001
867.55  6.3656E+001
868.03  6.7656E+001
868.51  6.3656E+001
868.99  5.5656E+001
869.48  4.5656E+001
869.96  8.5656E+001
870.44  1.0866E+002
870.92  8.1656E+001
871.40  8.2656E+001
871.88  6.5656E+001
872.36  7.0656E+001
872.84  7.3656E+001
873.32  8.7656E+001
873.80  8.7656E+001
874.28  1.1466E+002
874.76  1.3166E+002
875.25  1.1566E+002
875.73  1.0166E+002
876.21  1.1266E+002
876.69  1.2566E+002
877.17  1.2066E+002
877.65  1.0566E+002
878.13  8.3656E+001
878.61  8.2656E+001
879.09  5.4656E+001
879.58  4.3656E+001
880.06  4.9656E+001
880.54  3.7656E+001
881.02  4.4656E+001
881.50  5.0656E+001
881.98  4.2656E+001
882.46  5.1656E+001
882.95  7.4656E+001
883.43  8.2656E+001
883.91  8.3656E+001
884.39  9.0656E+001
884.87  9.9656E+001
885.35  1.1366E+002
885.83  1.1366E+002
886.32  9.9656E+001
886.80  8.3656E+001
887.28  6.9656E+001
887.76  9.9656E+001
888.24  1.1966E+002
888.72  1.0566E+002
889.21  1.1366E+002
889.69  1.1266E+002
890.17  1.2266E+002
890.65  1.2566E+002
891.13  1.2566E+002
891.62  1.2166E+002
892.10  1.1366E+002
892.58  1.2466E+002
893.06  1.1666E+002
893.54  1.1166E+002
894.03  1.2066E+002
894.51  1.3766E+002
894.99  1.2366E+002
895.47  1.0666E+002
895.95  8.5656E+001
896.44  9.1656E+001
896.92  7.6656E+001
897.40  8.7656E+001
897.88  9.1656E+001
898.37  1.0266E+002
898.85  1.0566E+002
899.33  1.2366E+002
899.81  1.5866E+002
900.30  1.4966E+002
900.78  1.2766E+002
901.26  1.0266E+002
901.74  1.0166E+002
902.23  8.3656E+001
902.71  7.6656E+001
903.19  5.8656E+001
903.67  5.5656E+001
904.16  4.3656E+001
904.64  3.0656E+001
905.12  1.8656E+001
905.60  3.5656E+001
906.09  1.8656E+001
906.57  6.6563E+000
907.05  7.6563E+000
907.54  1.3656E+001
908.02  1.2656E+001
908.50  2.3656E+001
908.98  2.7656E+001
909.47  3.9656E+001
909.95  5.5656E+001
910.43  6.8656E+001
910.92  7.3656E+001
911.40  9.2656E+001
911.88  6.4656E+001
912.37  3.3656E+001
912.85  -6.3437E+000
913.33  9.6563E+000
913.82  1.9656E+001
914.30  1.5656E+001
914.78  4.6563E+000
915.27  -6.3437E+000
915.75  -1.9344E+001
916.23  -1.2344E+001
916.72  -3.2344E+001
917.20  -2.0344E+001
917.68  -2.3437E+000
918.17  2.2656E+001
918.65  2.4656E+001
919.13  4.6656E+001
919.62  4.7656E+001
920.10  2.9656E+001
920.58  1.0656E+001
921.07  -1.6344E+001
921.55  -2.2344E+001
922.03  -2.2344E+001
922.52  -2.5344E+001
923.00  -2.7344E+001
923.49  -1.4344E+001
923.97  3.4656E+001
924.45  5.1656E+001
924.94  5.0656E+001
925.42  5.0656E+001
925.91  6.0656E+001
926.39  4.3656E+001
926.87  1.1656E+001
927.36  1.9656E+001
927.84  2.2656E+001
928.33  1.1656E+001
928.81  1.0656E+001
929.29  6.6563E+000
929.78  1.6563E+000
930.26  1.1656E+001
930.75  4.8656E+001
931.23  2.4656E+001
931.71  -4.3437E+000
932.20  -3.9344E+001
932.68  -2.9344E+001
933.17  -2.0344E+001
933.65  -3.4365E-001
934.14  -3.3437E+000
934.62  -1.1344E+001
935.10  -2.3437E+000
935.59  1.0656E+001
936.07  5.6563E+000
936.56  -6.3437E+000
937.04  -1.2344E+001
937.53  -3.1344E+001
938.01  -1.7344E+001
938.50  5.6563E+000
938.98  1.9656E+001
939.47  2.6563E+000
939.95  -1.0344E+001
940.44  -1.2344E+001
940.92  2.4656E+001
941.40  1.6656E+001
941.89  2.3656E+001
942.37  2.5656E+001
942.86  4.6656E+001
943.34  6.0656E+001
943.83  4.9656E+001
944.31  5.1656E+001
944.80  5.3656E+001
945.28  5.9656E+001
945.77  5.4656E+001
946.25  6.6656E+001
946.74  5.3656E+001
947.22  4.8656E+001
947.71  7.6563E+000
948.19  -7.3437E+000
948.68  -2.2344E+001
949.16  -1.7344E+001
949.65  -1.3344E+001
950.14  -1.9344E+001
950.62  -2.7344E+001
951.11  -7.7344E+001
951.59  -7.4344E+001
952.08  -5.4344E+001
952.56  -4.0344E+001
953.05  -1.8344E+001
953.53  1.1656E+001
954.02  2.2656E+001
954.50  2.2656E+001
954.99  1.0656E+001
955.48  2.5656E+001
955.96  4.0656E+001
956.45  5.1656E+001
956.93  5.1656E+001
957.42  6.0656E+001
957.90  9.0656E+001
958.39  9.9656E+001
958.87  1.0166E+002
959.36  1.0566E+002
959.85  1.1166E+002
960.33  1.1166E+002
960.82  1.1266E+002
961.30  9.5656E+001
961.79  9.4656E+001
962.28  1.1966E+002
962.76  1.4466E+002
963.25  1.3066E+002
963.73  1.3766E+002
964.22  1.4666E+002
964.71  1.3966E+002
965.19  1.2666E+002
965.68  1.2966E+002
966.16  1.1366E+002
966.65  1.2066E+002
967.14  1.0566E+002
967.62  9.7656E+001
968.11  1.0566E+002
968.60  9.7656E+001
969.08  1.0166E+002
969.57  1.2666E+002
970.05  1.1766E+002
970.54  7.5656E+001
971.03  5.1656E+001
971.51  5.6656E+001
972.00  6.9656E+001
972.49  6.4656E+001
972.97  5.4656E+001
973.46  7.2656E+001
973.95  6.2656E+001
974.43  5.4656E+001
974.92  3.4656E+001
975.41  2.4656E+001
975.89  3.4656E+001
976.38  6.8656E+001
976.87  6.7656E+001
977.35  6.7656E+001
977.84  7.6656E+001
978.33  9.2656E+001
978.81  9.3656E+001
979.30  1.1066E+002
979.79  1.0066E+002
980.27  7.8656E+001
980.76  5.4656E+001
981.25  4.5656E+001
981.74  3.4656E+001
982.22  3.9656E+001
982.71  3.1656E+001
983.20  3.8656E+001
983.68  3.0656E+001
984.17  2.9656E+001
984.66  4.3656E+001
985.15  6.4656E+001
985.63  5.4656E+001
986.12  4.0656E+001
986.61  7.6563E+000
987.09  -8.3437E+000
987.58  5.6563E+000
988.07  4.2656E+001
988.56  2.8656E+001
989.04  1.6656E+001
989.53  1.5656E+001
990.02  3.9656E+001
990.51  3.3656E+001
990.99  2.7656E+001
991.48  3.3656E+001
991.97  3.0656E+001
992.46  1.6656E+001
992.94  3.6656E+001
993.43  6.1656E+001
993.92  5.4656E+001
994.41  5.0656E+001
994.90  8.6656E+001
995.38  1.0366E+002
995.87  7.2656E+001
996.36  6.5656E+001
996.85  3.8656E+001
997.33  2.2656E+001
997.82  4.6563E+000
998.31  -1.3344E+001
998.80  -1.1344E+001
999.29  -1.7344E+001
999.77  -3.0344E+001
1000.26  -4.2344E+001
1000.75  -2.8344E+001
1001.24  -2.2344E+001
1001.73  -1.4344E+001
1002.21  5.6563E+000
1002.70  2.6563E+000
1003.19  -3.3437E+000
1003.68  7.6563E+000
1004.17  -3.3437E+000
1004.66  1.0656E+001
1005.14  4.6563E+000
1005.63  8.6563E+000
1006.12  1.8656E+001
1006.61  3.1656E+001
1007.10  4.4656E+001
1007.59  4.0656E+001
1008.07  4.5656E+001
1008.56  2.3656E+001
1009.05  5.5656E+001
1009.54  6.3656E+001
1010.03  7.3656E+001
1010.52  7.2656E+001
1011.01  6.8656E+001
1011.49  6.6656E+001
1011.98  3.3656E+001
1012.47  5.2656E+001
1012.96  4.8656E+001
1013.45  2.9656E+001
1013.94  2.4656E+001
1014.43  2.4656E+001
1014.92  1.8656E+001
1015.40  -6.3437E+000
1015.89  -5.3437E+000
1016.38  -6.3437E+000
1016.87  -4.4344E+001
1017.36  -6.3344E+001
1017.85  -4.8344E+001
1018.34  -2.5344E+001
1018.83  -3.5344E+001
1019.32  -1.3437E+000
1019.80  3.6563E+000
1020.29  -1.3437E+000
1020.78  4.2656E+001
1021.27  6.7656E+001
1021.76  5.1656E+001
1022.25  4.2656E+001
1022.74  4.6656E+001
1023.23  5.1656E+001
1023.72  5.7656E+001
1024.21  5.7656E+001
1024.70  5.8656E+001
1025.19  5.0656E+001
1025.68  5.5656E+001
1026.17  4.6656E+001
1026.65  3.9656E+001
1027.14  2.7656E+001
1027.63  2.2656E+001
1028.12  8.6563E+000
1028.61  4.6563E+000
1029.10  -2.3437E+000
1029.59  1.5656E+001
1030.08  2.2656E+001
1030.57  1.2656E+001
1031.06  1.6656E+001
1031.55  1.2656E+001
1032.04  1.5656E+001
1032.53  2.8656E+001
1033.02  4.0656E+001
1033.51  2.8656E+001
1034.00  2.7656E+001
1034.49  2.5656E+001
1034.98  3.3656E+001
1035.47  4.3656E+001
1035.96  3.9656E+001
1036.45  1.9656E+001
1036.94  -3.3437E+000
1037.43  2.1656E+001
1037.92  4.8656E+001
1038.41  3.7656E+001
1038.90  4.5656E+001
1039.39  6.3656E+001
1039.88  4.4656E+001
1040.37  3.4656E+001
1040.86  3.7656E+001
1041.35  6.1656E+001
1041.84  5.8656E+001
1042.33  6.8656E+001
1042.82  6.1656E+001
1043.31  5.4656E+001
1043.80  5.8656E+001
1044.29  6.7656E+001
1044.78  8.2656E+001
1045.27  1.0166E+002
1045.76  9.7656E+001
1046.25  1.0566E+002
1046.74  1.2166E+002
1047.24  9.1656E+001
1047.73  7.6656E+001
1048.22  6.2656E+001
1048.71  2.9656E+001
1049.20  4.4656E+001
1049.69  6.1656E+001
1050.18  6.6656E+001
1050.67  6.4656E+001
1051.16  8.3656E+001
1051.65  6.6656E+001
1052.14  5.5656E+001
1052.63  5.9656E+001
1053.12  7.3656E+001
1053.61  7.4656E+001
1054.11  6.3656E+001
1054.60  4.8656E+001
1055.09  3.7656E+001
1055.58  2.1656E+001
1056.07  2.2656E+001
1056.56  1.8656E+001
1057.05  -3.4365E-001
1057.54  7.6563E+000
1058.03  1.2656E+001
1058.52  1.8656E+001
1059.02  3.4656E+001
1059.51  4.1656E+001
1060.00  1.6656E+001
1060.49  -5.3437E+000
1060.98  -1.7344E+001
1061.47  -2.3344E+001
1061.96  -2.6344E+001
1062.45  -2.7344E+001
1062.95  4.6563E+000
1063.44  4.1656E+001
1063.93  4.7656E+001
1064.42  6.0656E+001
1064.91  5.4656E+001
1065.40  3.3656E+001
1065.90  3.3656E+001
1066.39  3.0656E+001
1066.88  1.9656E+001
1067.37  1.3656E+001
1067.86  3.0656E+001
1068.35  2.6656E+001
1068.84  3.8656E+001
1069.34  2.6656E+001
1069.83  4.6563E+000
1070.32  3.4656E+001
1070.81  7.3656E+001
1071.30  8.0656E+001
1071.80  6.4656E+001
1072.29  3.9656E+001
1072.78  3.3656E+001
1073.27  2.7656E+001
1073.76  6.6563E+000
1074.26  1.7656E+001
1074.75  -8.3437E+000
1075.24  -1.2344E+001
1075.73  -3.3437E+000
1076.22  2.6656E+001
1076.72  1.8656E+001
1077.21  1.9656E+001
1077.70  8.6563E+000
1078.19  2.5656E+001
1078.68  4.3656E+001
1079.18  5.3656E+001
1079.67  6.8656E+001
1080.16  8.1656E+001
1080.65  7.3656E+001
1081.15  7.7656E+001
1081.64  8.9656E+001
1082.13  8.3656E+001
1082.62  6.5656E+001
1083.11  5.5656E+001
1083.61  4.4656E+001
1084.10  2.7656E+001
1084.59  8.6563E+000
1085.08  1.6656E+001
1085.58  3.9656E+001
1086.07  5.7656E+001
1086.56  4.4656E+001
1087.06  6.9656E+001
1087.55  5.8656E+001
1088.04  7.4656E+001
1088.53  5.7656E+001
1089.03  2.6656E+001
1089.52  1.3656E+001
1090.01  1.7656E+001
1090.50  3.7656E+001
1091.00  5.4656E+001
1091.49  4.3656E+001
1091.98  3.8656E+001
1092.48  3.3656E+001
1092.97  2.4656E+001
1093.46  -3.3437E+000
1093.95  3.1656E+001
1094.45  5.8656E+001
1094.94  5.3656E+001
1095.43  2.1656E+001
1095.93  6.6563E+000
1096.42  -3.3437E+000
1096.91  -9.3437E+000
1097.41  9.6563E+000
1097.90  1.2656E+001
1098.39  6.5635E-001
1098.89  7.6563E+000
1099.38  2.8656E+001
1099.87  4.1656E+001
1100.37  2.6656E+001
1100.86  5.6563E+000
1101.35  -6.3437E+000
1101.85  -1.8344E+001
1102.34  -3.4365E-001
1102.83  -6.3437E+000
1103.33  -5.3437E+000
1103.82  1.4656E+001
1104.31  3.7656E+001
1104.81  4.3656E+001
1105.30  5.5656E+001
1105.79  6.9656E+001
1106.29  5.0656E+001
1106.78  5.0656E+001
1107.27  5.5656E+001
1107.77  4.0656E+001
1108.26  6.4656E+001
1108.76  5.6656E+001
1109.25  7.3656E+001
1109.74  6.7656E+001
1110.24  5.4656E+001
1110.73  6.1656E+001
1111.23  7.6656E+001
1111.72  7.3656E+001
1112.21  9.7656E+001
1112.71  9.6656E+001
1113.20  9.3656E+001
1113.69  9.4656E+001
1114.19  9.3656E+001
1114.68  8.8656E+001
1115.18  9.6656E+001
1115.67  1.0466E+002
1116.17  8.8656E+001
1116.66  8.3656E+001
1117.15  8.4656E+001
1117.65  1.1266E+002
1118.14  1.1266E+002
1118.64  1.1866E+002
1119.13  1.1966E+002
1119.62  1.4866E+002
1120.12  1.6166E+002
1120.61  1.6166E+002
1121.11  1.6866E+002
1121.60  1.6466E+002
1122.10  1.3866E+002
1122.59  1.3766E+002
1123.09  1.4866E+002
1123.58  1.5066E+002
1124.07  1.5166E+002
1124.57  1.5666E+002
1125.06  1.4066E+002
1125.56  1.2866E+002
1126.05  1.1366E+002
1126.55  5.6562E+000
1127.04  5.6562E+000
1127.54  2.3436E+000
1128.03  2.3436E+000
1128.53  2.3436E+000
