" File: Nanosprings\nov17\dark 5000ms integratio
" SCOPE->  Wave:647.21nm  Pix:1050  Val:449.000  Time:5000ms  Avg:1  Sm:0  Sg:0  Tc:on  Z Y  SNAP  Xt:1  Ch:1  Xtrig
 180.00  3.0559E+003
 180.50  4.9105E+002
 181.00  5.0171E+002
 181.50  5.9400E+002
 182.00  6.8096E+002
 182.50  6.9968E+002
 183.00  6.8540E+002
 183.50  6.6972E+002
 184.00  6.5757E+002
 184.50  6.4440E+002
 185.00  6.4329E+002
 185.50  6.2338E+002
 186.00  6.7957E+002
 186.50  6.9809E+002
 187.00  7.2044E+002
 187.50  7.9291E+002
 188.00  7.8795E+002
 188.50  7.8297E+002
 189.00  7.4396E+002
 189.50  6.9841E+002
 190.00  6.5296E+002
 190.50  6.3269E+002
 191.00  6.2974E+002
 191.50  6.2900E+002
 192.00  6.5230E+002
 192.50  6.6639E+002
 193.00  6.9306E+002
 193.50  7.1785E+002
 194.00  7.0930E+002
 194.50  6.8149E+002
 195.00  6.5605E+002
 195.50  6.2587E+002
 196.00  6.0380E+002
 196.50  6.5442E+002
 197.00  6.3321E+002
 197.50  6.3007E+002
 198.00  6.2178E+002
 198.50  6.2943E+002
 199.00  6.2684E+002
 199.50  6.1729E+002
 200.00  6.3731E+002
 200.50  6.4700E+002
 201.00  6.2445E+002
 201.50  5.9930E+002
 202.00  5.9733E+002
 202.50  5.9157E+002
 203.00  5.7494E+002
 203.50  5.3277E+002
 204.00  5.0373E+002
 204.50  4.8675E+002
 205.00  5.0896E+002
 205.50  5.4348E+002
 206.00  6.0959E+002
 206.50  6.5494E+002
 207.00  6.4331E+002
 207.50  6.3100E+002
 208.00  6.3529E+002
 208.50  6.3561E+002
 209.00  6.4101E+002
 209.50  6.2665E+002
 210.00  6.2116E+002
 210.50  6.3481E+002
 211.00  6.6885E+002
 211.50  6.5652E+002
 212.00  6.4722E+002
 212.50  6.3215E+002
 213.00  5.9947E+002
 213.50  6.1835E+002
 214.00  6.6208E+002
 214.50  6.7436E+002
 215.00  6.8587E+002
 215.50  7.0901E+002
 216.00  7.2475E+002
 216.50  7.2500E+002
 217.00  7.2356E+002
 217.50  7.2783E+002
 218.00  7.6807E+002
 218.50  7.9681E+002
 219.00  7.6926E+002
 219.50  7.4931E+002
 220.00  7.7404E+002
 220.50  7.7162E+002
 221.00  7.5532E+002
 221.50  7.3701E+002
 222.00  7.2984E+002
 222.50  7.4435E+002
 223.00  7.3032E+002
 223.50  7.0959E+002
 224.00  6.8912E+002
 224.50  6.7752E+002
 225.00  6.7448E+002
 225.50  7.0715E+002
 226.00  7.2076E+002
 226.50  7.2000E+002
 227.00  7.3672E+002
 227.50  6.8950E+002
 228.00  6.7548E+002
 228.50  6.5231E+002
 229.00  6.4500E+002
 229.50  6.5085E+002
 230.00  6.2451E+002
 230.50  6.1225E+002
 231.00  5.6123E+002
 231.50  5.1616E+002
 232.00  4.7666E+002
 232.50  4.7379E+002
 233.00  5.2694E+002
 233.50  5.7203E+002
 234.00  5.9485E+002
 234.50  5.9983E+002
 235.00  6.0832E+002
 235.50  6.0449E+002
 236.00  6.1354E+002
 236.50  6.0642E+002
 237.00  5.9119E+002
 237.50  5.9803E+002
 238.00  5.6865E+002
 238.50  5.4753E+002
 239.00  5.4108E+002
 239.50  5.9075E+002
 240.00  6.0600E+002
 240.50  6.0907E+002
 241.00  6.5370E+002
 241.50  6.6887E+002
 242.00  6.7756E+002
 242.50  6.6443E+002
 243.00  6.3715E+002
 243.50  6.2491E+002
 244.00  6.4611E+002
 244.50  6.5429E+002
 245.00  6.7343E+002
 245.50  6.6177E+002
 246.00  6.5320E+002
 246.50  6.2652E+002
 247.00  6.1257E+002
 247.50  6.0630E+002
 248.00  6.3227E+002
 248.50  7.3537E+002
 249.00  8.1434E+002
 249.50  8.1732E+002
 250.00  7.8240E+002
 250.50  8.2764E+002
 251.00  8.7725E+002
 251.50  8.3502E+002
 252.00  7.9262E+002
 252.50  7.6287E+002
 253.00  7.1351E+002
 253.50  6.6582E+002
 254.00  6.4211E+002
 254.50  6.1707E+002
 255.00  6.2800E+002
 255.50  6.3744E+002
 256.00  6.0391E+002
 256.50  5.6914E+002
 257.00  5.4020E+002
 257.50  5.3215E+002
 258.00  5.1612E+002
 258.50  5.3944E+002
 259.00  5.7888E+002
 259.50  6.4419E+002
 260.00  7.0887E+002
 260.50  7.5183E+002
 261.00  7.5717E+002
 261.50  7.3371E+002
 262.00  7.3890E+002
 262.50  7.2104E+002
 263.00  6.8896E+002
 263.50  6.6309E+002
 264.00  6.3302E+002
 264.50  6.3968E+002
 265.00  6.2602E+002
 265.50  6.0694E+002
 266.00  5.8927E+002
 266.50  5.5932E+002
 267.00  5.5144E+002
 267.50  5.5910E+002
 268.00  5.8351E+002
 268.50  6.0011E+002
 269.00  5.7983E+002
 269.50  5.5308E+002
 270.00  5.3697E+002
 270.50  5.4039E+002
 271.00  5.5278E+002
 271.50  5.5411E+002
 272.00  5.5549E+002
 272.50  5.3620E+002
 273.00  5.5869E+002
 273.50  5.9366E+002
 274.00  6.1957E+002
 274.50  5.9405E+002
 275.00  5.7327E+002
 275.50  6.0640E+002
 276.00  6.2368E+002
 276.50  6.4944E+002
 277.00  6.2976E+002
 277.50  6.0060E+002
 278.00  5.6810E+002
 278.50  5.6561E+002
 279.00  5.7927E+002
 279.50  5.9019E+002
 280.00  6.0340E+002
 280.50  5.9110E+002
 281.00  5.8821E+002
 281.50  5.9670E+002
 282.00  5.7790E+002
 282.50  5.5896E+002
 283.00  5.3954E+002
 283.50  5.5101E+002
 284.00  5.6101E+002
 284.50  5.3443E+002
 285.00  5.2453E+002
 285.50  5.4593E+002
 286.00  5.3753E+002
 286.50  5.3100E+002
 287.00  5.2912E+002
 287.50  5.3267E+002
 288.00  5.6119E+002
 288.50  5.9612E+002
 289.00  6.0448E+002
 289.50  6.1172E+002
 290.00  6.1674E+002
 290.50  6.2315E+002
 291.00  6.0576E+002
 291.50  5.9410E+002
 292.00  6.5272E+002
 292.50  6.5638E+002
 293.00  6.2878E+002
 293.50  5.9368E+002
 294.00  5.5711E+002
 294.50  5.1710E+002
 295.00  5.2615E+002
 295.50  5.4825E+002
 296.00  5.2492E+002
 296.50  5.0323E+002
 297.00  5.0266E+002
 297.50  5.1835E+002
 298.00  5.4354E+002
 298.50  5.6498E+002
 299.00  5.6304E+002
 299.50  6.1488E+002
 300.00  6.8028E+002
 300.50  6.5568E+002
 301.00  6.2491E+002
 301.50  6.1857E+002
 302.00  5.8227E+002
 302.50  5.7200E+002
 303.00  5.7254E+002
 303.50  5.6847E+002
 304.00  5.5930E+002
 304.50  5.5227E+002
 305.00  5.2584E+002
 305.50  5.5232E+002
 306.00  6.1102E+002
 306.50  6.7652E+002
 307.00  7.1061E+002
 307.50  7.3340E+002
 308.00  6.8838E+002
 308.50  6.4077E+002
 309.00  6.1314E+002
 309.50  5.8881E+002
 310.00  5.5395E+002
 310.50  5.2277E+002
 311.00  5.1868E+002
 311.50  5.6380E+002
 312.00  6.1034E+002
 312.50  6.2229E+002
 313.00  6.2088E+002
 313.50  6.3286E+002
 314.00  7.1725E+002
 314.50  6.8966E+002
 315.00  6.4274E+002
 315.50  6.1177E+002
 316.00  6.0495E+002
 316.50  5.6392E+002
 317.00  5.2569E+002
 317.50  5.5354E+002
 318.00  6.0917E+002
 318.50  5.9375E+002
 319.00  5.8368E+002
 319.50  5.9362E+002
 320.00  6.0700E+002
 320.50  6.0770E+002
 321.00  5.8573E+002
 321.50  5.5435E+002
 322.00  5.4053E+002
 322.50  5.3356E+002
 323.00  5.2334E+002
 323.50  5.1216E+002
 324.00  5.1645E+002
 324.50  5.0532E+002
 325.00  4.9984E+002
 325.50  4.8358E+002
 326.00  4.9262E+002
 326.50  4.7093E+002
 327.00  4.4579E+002
 327.50  4.6005E+002
 328.00  4.6919E+002
 328.50  4.8300E+002
 329.00  5.0834E+002
 329.50  5.2368E+002
 330.00  5.5216E+002
 330.50  5.8840E+002
 331.00  6.0561E+002
 331.50  5.9142E+002
 332.00  6.2419E+002
 332.50  6.2471E+002
 333.00  6.0935E+002
 333.50  6.0215E+002
 334.00  6.6119E+002
 334.50  6.6305E+002
 335.00  6.2503E+002
 335.50  6.0633E+002
 336.00  5.8866E+002
 336.50  5.6802E+002
 337.00  5.5793E+002
 337.50  5.4537E+002
 338.00  5.1859E+002
 338.50  5.4703E+002
 339.00  6.0184E+002
 339.50  6.2257E+002
 340.00  6.4605E+002
 340.50  6.3808E+002
 341.00  6.1915E+002
 341.50  6.7161E+002
 342.00  6.6040E+002
 342.50  6.3161E+002
 343.00  6.2190E+002
 343.50  5.9880E+002
 344.00  6.0444E+002
 344.50  6.2647E+002
 345.00  6.2437E+002
 345.50  6.5492E+002
 346.00  6.9464E+002
 346.50  7.4510E+002
 347.00  7.8355E+002
 347.50  7.4669E+002
 348.00  7.1632E+002
 348.50  6.9658E+002
 349.00  6.9359E+002
 349.50  6.6192E+002
 350.00  6.4231E+002
 350.50  6.5335E+002
 351.00  6.6875E+002
 351.50  6.6582E+002
 352.00  6.4905E+002
 352.50  6.1195E+002
 353.00  5.9128E+002
 353.50  5.6938E+002
 354.00  5.5209E+002
 354.50  5.6490E+002
 355.00  5.7399E+002
 355.50  5.8669E+002
 356.00  6.0280E+002
 356.50  5.9592E+002
 357.00  5.5505E+002
 357.50  5.2954E+002
 358.00  5.1341E+002
 358.50  5.0909E+002
 359.00  5.1000E+002
 359.50  5.2023E+002
 360.00  5.6439E+002
 360.50  6.2659E+002
 361.00  6.7818E+002
 361.50  6.5929E+002
 362.00  6.4365E+002
 362.50  6.2011E+002
 363.00  5.9719E+002
 363.50  5.7129E+002
 364.00  5.8799E+002
 364.50  6.0751E+002
 365.00  5.7776E+002
 365.50  5.6852E+002
 366.00  5.6110E+002
 366.50  5.3907E+002
 367.00  5.4535E+002
 367.50  5.4077E+002
 368.00  5.1489E+002
 368.50  5.4011E+002
 369.00  6.0178E+002
 369.50  6.0084E+002
 370.00  5.7883E+002
 370.50  5.5813E+002
 371.00  5.4671E+002
 371.50  5.3778E+002
 372.00  5.1126E+002
 372.50  4.8966E+002
 373.00  4.8886E+002
 373.50  5.1112E+002
 374.00  5.4209E+002
 374.50  5.7448E+002
 375.00  5.6307E+002
 375.50  5.3356E+002
 376.00  5.4074E+002
 376.50  5.4758E+002
 377.00  5.4208E+002
 377.50  5.3233E+002
 378.00  5.2669E+002
 378.50  5.7563E+002
 379.00  6.2591E+002
 379.50  6.5792E+002
 380.00  6.5727E+002
 380.50  6.5660E+002
 381.00  6.2336E+002
 381.50  5.9594E+002
 382.00  5.9062E+002
 382.50  5.6818E+002
 383.00  5.4297E+002
 383.50  5.5740E+002
 384.00  5.9356E+002
 384.50  6.0509E+002
 385.00  5.7102E+002
 385.50  5.3876E+002
 386.00  5.0551E+002
 386.50  4.8900E+002
 387.00  4.9516E+002
 387.50  5.2090E+002
 388.00  5.8396E+002
 388.50  6.1107E+002
 389.00  6.7149E+002
 389.50  6.5138E+002
 390.00  6.3356E+002
 390.50  6.3558E+002
 391.00  6.2821E+002
 391.50  6.1882E+002
 392.00  5.8330E+002
 392.50  5.7302E+002
 393.00  5.2793E+002
 393.50  4.9050E+002
 394.00  4.9455E+002
 394.50  5.2431E+002
 395.00  5.5968E+002
 395.50  5.6148E+002
 396.00  5.8939E+002
 396.50  5.6812E+002
 397.00  5.5213E+002
 397.50  5.5531E+002
 398.00  5.5994E+002
 398.50  5.5699E+002
 399.00  5.3408E+002
 399.50  5.1330E+002
 400.00  4.8724E+002
 400.50  4.8845E+002
 401.00  4.6932E+002
 401.50  4.7236E+002
 402.00  4.7949E+002
 402.50  4.8475E+002
 403.00  5.0516E+002
 403.50  5.5990E+002
 404.00  6.3181E+002
 404.50  6.4446E+002
 405.00  6.1753E+002
 405.50  5.9507E+002
 406.00  5.8182E+002
 406.50  5.9368E+002
 407.00  5.7703E+002
 407.50  5.5510E+002
 408.00  5.3403E+002
 408.50  5.5802E+002
 409.00  5.9956E+002
 409.50  5.8727E+002
 410.00  5.7455E+002
 410.50  5.6422E+002
 411.00  5.2553E+002
 411.50  5.0335E+002
 412.00  5.0206E+002
 412.50  4.9840E+002
 413.00  5.0839E+002
 413.50  5.2901E+002
 414.00  5.4337E+002
 414.50  5.4593E+002
 415.00  5.2552E+002
 415.50  5.4266E+002
 416.00  5.6221E+002
 416.50  5.5408E+002
 417.00  5.3099E+002
 417.50  4.9177E+002
 418.00  4.7385E+002
 418.50  4.6480E+002
 419.00  4.4937E+002
 419.50  4.4244E+002
 420.00  4.6889E+002
 420.50  4.8505E+002
 421.00  4.9945E+002
 421.50  5.0394E+002
 422.00  5.1129E+002
 422.50  5.7035E+002
 423.00  6.1359E+002
 423.50  6.1370E+002
 424.00  6.0409E+002
 424.50  6.1442E+002
 425.00  6.9221E+002
 425.50  6.9175E+002
 426.00  7.0623E+002
 426.50  7.4794E+002
 427.00  7.4686E+002
 427.50  7.0213E+002
 428.00  6.6793E+002
 428.50  6.3150E+002
 429.00  5.9837E+002
 429.50  5.8493E+002
 430.00  5.5727E+002
 430.50  5.2743E+002
 431.00  5.0417E+002
 431.50  5.0731E+002
 432.00  5.0868E+002
 432.50  5.0196E+002
 433.00  5.0191E+002
 433.50  4.8656E+002
 434.00  5.1564E+002
 434.50  5.2746E+002
 435.00  5.2968E+002
 435.50  5.2080E+002
 436.00  5.1294E+002
 436.50  5.7916E+002
 437.00  6.3859E+002
 437.50  6.2364E+002
 438.00  5.9963E+002
 438.50  5.9330E+002
 439.00  5.9231E+002
 439.50  5.6957E+002
 440.00  5.6912E+002
 440.50  5.5371E+002
 441.00  5.0122E+002
 441.50  4.7155E+002
 442.00  4.8660E+002
 442.50  4.8369E+002
 443.00  4.7938E+002
 443.50  4.9978E+002
 444.00  4.9032E+002
 444.50  4.9855E+002
 445.00  5.2781E+002
 445.50  5.3531E+002
 446.00  5.4198E+002
 446.50  5.4104E+002
 447.00  5.5173E+002
 447.50  5.7781E+002
 448.00  6.6833E+002
 448.50  6.5302E+002
 449.00  6.2098E+002
 449.50  5.7757E+002
 450.00  5.6959E+002
 450.50  6.0786E+002
 451.00  6.4119E+002
 451.50  6.3890E+002
 452.00  6.1312E+002
 452.50  5.6284E+002
 453.00  5.2636E+002
 453.50  4.9106E+002
 454.00  4.6187E+002
 454.50  4.6988E+002
 455.00  4.7949E+002
 455.50  4.9670E+002
 456.00  5.0381E+002
 456.50  5.0760E+002
 457.00  5.4599E+002
 457.50  5.7895E+002
 458.00  5.6843E+002
 458.50  5.8423E+002
 459.00  5.6477E+002
 459.50  5.5011E+002
 460.00  5.2226E+002
 460.50  4.8382E+002
 461.00  4.5030E+002
 461.50  4.5133E+002
 462.00  4.7223E+002
 462.50  4.9163E+002
 463.00  5.2865E+002
 463.50  5.2338E+002
 464.00  5.0444E+002
 464.50  4.7436E+002
 465.00  4.6983E+002
 465.50  4.9102E+002
 466.00  5.1196E+002
 466.50  5.5064E+002
 467.00  5.4879E+002
 467.50  5.3653E+002
 468.00  5.1268E+002
 468.50  5.0366E+002
 469.00  4.9512E+002
 469.50  4.5773E+002
 470.00  4.2450E+002
 470.50  4.0643E+002
 471.00  3.8218E+002
 471.50  3.9525E+002
 472.00  4.2750E+002
 472.50  4.3717E+002
 473.00  4.4903E+002
 473.50  4.5209E+002
 474.00  4.3775E+002
 474.50  4.4970E+002
 475.00  4.6010E+002
 475.50  4.9665E+002
 476.00  5.3609E+002
 476.50  6.0441E+002
 477.00  6.5606E+002
 477.50  7.1397E+002
 478.00  6.9719E+002
 478.50  6.8239E+002
 479.00  6.9482E+002
 479.50  7.1612E+002
 480.00  7.1908E+002
 480.50  7.1105E+002
 481.00  7.0006E+002
 481.50  6.5596E+002
 482.00  6.1235E+002
 482.50  5.9232E+002
 483.00  5.4214E+002
 483.50  5.0225E+002
 484.00  4.7663E+002
 484.50  4.8247E+002
 485.00  4.8547E+002
 485.50  4.7756E+002
 486.00  4.6639E+002
 486.50  4.6173E+002
 487.00  4.6015E+002
 487.50  4.7044E+002
 488.00  4.5641E+002
 488.50  4.6642E+002
 489.00  4.7762E+002
 489.50  4.8199E+002
 490.00  4.7572E+002
 490.50  5.1696E+002
 491.00  5.7814E+002
 491.50  6.0405E+002
 492.00  6.3649E+002
 492.50  6.1935E+002
 493.00  6.0494E+002
 493.50  5.9158E+002
 494.00  5.6098E+002
 494.50  5.2342E+002
 495.00  5.1233E+002
 495.50  4.7435E+002
 496.00  4.4077E+002
 496.50  4.6357E+002
 497.00  4.9334E+002
 497.50  5.0403E+002
 498.00  5.2795E+002
 498.50  5.1236E+002
 499.00  5.1827E+002
 499.50  5.1376E+002
 500.00  4.9761E+002
 500.50  4.6100E+002
 501.00  4.7131E+002
 501.50  4.9602E+002
 502.00  5.1167E+002
 502.50  4.9829E+002
 503.00  4.8950E+002
 503.50  4.8205E+002
 504.00  4.8903E+002
 504.50  5.2929E+002
 505.00  5.6974E+002
 505.50  5.7810E+002
 506.00  5.6434E+002
 506.50  5.3271E+002
 507.00  5.1423E+002
 507.50  5.0556E+002
 508.00  5.1983E+002
 508.50  4.9892E+002
 509.00  4.7657E+002
 509.50  5.1003E+002
 510.00  5.3893E+002
 510.50  5.3086E+002
 511.00  5.3649E+002
 511.50  5.3245E+002
 512.00  5.4089E+002
 512.50  5.5267E+002
 513.00  5.3930E+002
 513.50  5.1613E+002
 514.00  4.9602E+002
 514.50  4.6130E+002
 515.00  4.4403E+002
 515.50  4.7047E+002
 516.00  5.1190E+002
 516.50  5.0058E+002
 517.00  4.8413E+002
 517.50  4.6464E+002
 518.00  4.5462E+002
 518.50  4.5607E+002
 519.00  4.4326E+002
 519.50  4.4575E+002
 520.00  4.6496E+002
 520.50  4.6281E+002
 521.00  4.5500E+002
 521.50  4.6441E+002
 522.00  4.9066E+002
 522.50  5.0692E+002
 523.00  5.1617E+002
 523.50  5.1903E+002
 524.00  5.2996E+002
 524.50  6.1436E+002
 525.00  6.5640E+002
 525.50  6.5355E+002
 526.00  6.6813E+002
 526.50  6.7030E+002
 527.00  6.7316E+002
 527.50  6.6583E+002
 528.00  6.7121E+002
 528.50  6.8891E+002
 529.00  6.8801E+002
 529.50  6.7670E+002
 530.00  6.6472E+002
 530.50  6.3780E+002
 531.00  5.8282E+002
 531.50  5.7835E+002
 532.00  6.0059E+002
 532.50  5.7692E+002
 533.00  5.6427E+002
 533.50  5.9136E+002
 534.00  6.7136E+002
 534.50  7.7780E+002
 535.00  8.0347E+002
 535.50  7.9179E+002
 536.00  7.7544E+002
 536.50  7.5803E+002
 537.00  7.1298E+002
 537.50  6.7838E+002
 538.00  6.5970E+002
 538.50  6.3499E+002
 539.00  6.2375E+002
 539.50  6.3021E+002
 540.00  6.4935E+002
 540.50  6.5549E+002
 541.00  6.4927E+002
 541.50  6.9007E+002
 542.00  7.0178E+002
 542.50  6.6220E+002
 543.00  6.6752E+002
 543.50  6.7903E+002
 544.00  6.9725E+002
 544.50  7.2240E+002
 545.00  7.4002E+002
 545.50  7.4654E+002
 546.00  7.2282E+002
 546.50  6.9858E+002
 547.00  6.8134E+002
 547.50  6.6704E+002
 548.00  6.7808E+002
 548.50  6.8731E+002
 549.00  6.5279E+002
 549.50  6.7291E+002
 550.00  7.0249E+002
 550.50  6.9775E+002
 551.00  6.8850E+002
 551.50  6.8165E+002
 552.00  6.9025E+002
 552.50  6.8676E+002
 553.00  6.6682E+002
 553.50  6.3927E+002
 554.00  6.4434E+002
 554.50  6.2237E+002
 555.00  5.8651E+002
 555.50  5.7905E+002
 556.00  5.7872E+002
 556.50  5.7092E+002
 557.00  5.5394E+002
 557.50  5.3331E+002
 558.00  5.2928E+002
 558.50  5.2179E+002
 559.00  5.1114E+002
 559.50  4.8670E+002
 560.00  4.9855E+002
 560.50  5.0898E+002
 561.00  5.1746E+002
 561.50  5.3093E+002
 562.00  5.3925E+002
 562.50  5.2738E+002
 563.00  5.0780E+002
 563.50  4.8676E+002
 564.00  4.6617E+002
 564.50  4.4152E+002
 565.00  4.1641E+002
 565.50  3.9540E+002
 566.00  4.0493E+002
 566.50  4.5352E+002
 567.00  4.8504E+002
 567.50  5.0356E+002
 568.00  5.0304E+002
 568.50  4.8264E+002
 569.00  4.5745E+002
 569.50  4.6547E+002
 570.00  5.0164E+002
 570.50  5.5656E+002
 571.00  6.1521E+002
 571.50  6.7562E+002
 572.00  6.5136E+002
 572.50  6.3974E+002
 573.00  6.3490E+002
 573.50  6.3707E+002
 574.00  6.1552E+002
 574.50  6.0625E+002
 575.00  6.0365E+002
 575.50  5.9360E+002
 576.00  6.0130E+002
 576.50  6.0620E+002
 577.00  6.4994E+002
 577.50  6.6080E+002
 578.00  6.9084E+002
 578.50  7.2732E+002
 579.00  6.8024E+002
 579.50  6.5514E+002
 580.00  6.7270E+002
 580.50  6.9127E+002
 581.00  6.5864E+002
 581.50  6.2540E+002
 582.00  5.9864E+002
 582.50  5.6528E+002
 583.00  5.2728E+002
 583.50  5.2293E+002
 584.00  5.4028E+002
 584.50  5.6185E+002
 585.00  5.8760E+002
 585.50  5.6974E+002
 586.00  5.4372E+002
 586.50  5.6574E+002
 587.00  5.7452E+002
 587.50  5.5659E+002
 588.00  5.4863E+002
 588.50  5.7357E+002
 589.00  5.8853E+002
 589.50  5.7656E+002
 590.00  5.5158E+002
 590.50  5.3406E+002
 591.00  5.2029E+002
 591.50  5.4335E+002
 592.00  5.6402E+002
 592.50  5.3553E+002
 593.00  5.3614E+002
 593.50  5.3803E+002
 594.00  5.3466E+002
 594.50  5.6043E+002
 595.00  5.6946E+002
 595.50  5.7408E+002
 596.00  5.8055E+002
 596.50  5.8789E+002
 597.00  5.6017E+002
 597.50  5.5019E+002
 598.00  5.5031E+002
 598.50  5.7099E+002
 599.00  5.7966E+002
 599.50  5.7095E+002
 600.00  5.5764E+002
 600.50  5.3087E+002
 601.00  5.5104E+002
 601.50  5.9288E+002
 602.00  5.9322E+002
 602.50  5.5339E+002
 603.00  5.5568E+002
 603.50  5.9068E+002
 604.00  5.9700E+002
 604.50  5.9473E+002
 605.00  5.8043E+002
 605.50  5.6663E+002
 606.00  5.6658E+002
 606.50  5.7970E+002
 607.00  5.8945E+002
 607.50  5.7228E+002
 608.00  5.4147E+002
 608.50  5.1069E+002
 609.00  4.8905E+002
 609.50  5.0558E+002
 610.00  5.3141E+002
 610.50  5.2408E+002
 611.00  5.1024E+002
 611.50  4.8717E+002
 612.00  4.6618E+002
 612.50  4.6679E+002
 613.00  4.6811E+002
 613.50  4.6247E+002
 614.00  4.4756E+002
 614.50  4.5140E+002
 615.00  4.7290E+002
 615.50  4.5357E+002
 616.00  3.9176E+002
 616.50  3.6960E+002
 617.00  3.7923E+002
 617.50  4.0002E+002
 618.00  4.3702E+002
 618.50  4.9503E+002
 619.00  5.0115E+002
 619.50  5.2049E+002
 620.00  5.4696E+002
 620.50  5.6300E+002
 621.00  6.1297E+002
 621.50  6.4709E+002
 622.00  6.3550E+002
 622.50  6.1329E+002
 623.00  6.0194E+002
 623.50  5.6730E+002
 624.00  5.4455E+002
 624.50  5.1265E+002
 625.00  4.7469E+002
 625.50  4.4590E+002
 626.00  4.3304E+002
 626.50  4.4761E+002
 627.00  4.7105E+002
 627.50  4.9502E+002
 628.00  5.0982E+002
 628.50  5.2776E+002
 629.00  5.4803E+002
 629.50  5.6323E+002
 630.00  5.7636E+002
 630.50  6.1359E+002
 631.00  6.3930E+002
 631.50  6.3210E+002
 632.00  6.4590E+002
 632.50  6.8278E+002
 633.00  7.3849E+002
 633.50  7.5854E+002
 634.00  7.2557E+002
 634.50  6.8660E+002
 635.00  6.3981E+002
 635.50  6.0502E+002
 636.00  6.2629E+002
 636.50  6.4207E+002
 637.00  7.2802E+002
 637.50  7.0809E+002
 638.00  6.8021E+002
 638.50  6.5567E+002
 639.00  6.4581E+002
 639.50  6.3459E+002
 640.00  6.0452E+002
 640.50  5.7920E+002
 641.00  6.0041E+002
 641.50  6.0077E+002
 642.00  6.0202E+002
 642.50  5.9029E+002
 643.00  5.6550E+002
 643.50  5.5332E+002
 644.00  5.1529E+002
 644.50  4.6081E+002
 645.00  4.3526E+002
 645.50  4.3969E+002
 646.00  4.5025E+002
 646.50  4.5357E+002
 647.00  4.5035E+002
 647.50  4.5829E+002
 648.00  4.9367E+002
 648.50  5.1613E+002
 649.00  5.1983E+002
 649.50  5.4976E+002
 650.00  5.4717E+002
 650.50  5.3389E+002
 651.00  5.0810E+002
 651.50  4.9862E+002
 652.00  4.8294E+002
 652.50  4.7285E+002
 653.00  4.9637E+002
 653.50  5.1607E+002
 654.00  5.1713E+002
 654.50  5.0875E+002
 655.00  4.9326E+002
 655.50  4.6896E+002
 656.00  4.5307E+002
 656.50  4.5276E+002
 657.00  4.5775E+002
 657.50  4.5178E+002
 658.00  4.4287E+002
 658.50  4.6770E+002
 659.00  4.9914E+002
 659.50  4.9293E+002
 660.00  4.7010E+002
 660.50  4.8025E+002
 661.00  5.0206E+002
 661.50  5.3358E+002
 662.00  6.1493E+002
 662.50  6.7822E+002
 663.00  7.3563E+002
 663.50  7.0756E+002
 664.00  6.6435E+002
 664.50  6.6100E+002
 665.00  6.6430E+002
 665.50  6.6869E+002
 666.00  6.5993E+002
 666.50  6.6833E+002
 667.00  6.7423E+002
 667.50  6.5180E+002
 668.00  6.5687E+002
 668.50  7.1375E+002
 669.00  7.2879E+002
 669.50  6.8660E+002
 670.00  6.6226E+002
 670.50  6.4945E+002
 671.00  6.2542E+002
 671.50  6.3409E+002
 672.00  6.4697E+002
 672.50  6.5097E+002
 673.00  6.3140E+002
 673.50  6.0160E+002
 674.00  6.0347E+002
 674.50  5.9868E+002
 675.00  6.0277E+002
 675.50  6.0829E+002
 676.00  5.8855E+002
 676.50  5.6225E+002
 677.00  5.3570E+002
 677.50  5.4143E+002
 678.00  5.3324E+002
 678.50  5.0927E+002
 679.00  4.9670E+002
 679.50  4.6612E+002
 680.00  4.9306E+002
 680.50  6.2383E+002
 681.00  6.8458E+002
 681.50  6.8337E+002
 682.00  6.5999E+002
 682.50  6.2636E+002
 683.00  6.1098E+002
 683.50  6.0657E+002
 684.00  6.1681E+002
 684.50  6.0277E+002
 685.00  5.8554E+002
 685.50  6.2841E+002
 686.00  6.6220E+002
 686.50  6.6691E+002
 687.00  6.5037E+002
 687.50  6.1677E+002
 688.00  6.3066E+002
 688.50  6.0093E+002
 689.00  5.9954E+002
 689.50  6.2278E+002
 690.00  5.9652E+002
 690.50  5.5852E+002
 691.00  5.4105E+002
 691.50  5.1754E+002
 692.00  4.8554E+002
 692.50  4.7982E+002
 693.00  5.2110E+002
 693.50  5.8296E+002
 694.00  6.3008E+002
 694.50  5.9914E+002
 695.00  5.8376E+002
 695.50  5.4929E+002
 696.00  5.1400E+002
 696.50  5.0725E+002
 697.00  4.7135E+002
 697.50  4.4505E+002
 698.00  4.5422E+002
 698.50  4.9489E+002
 699.00  5.2776E+002
 699.50  5.2327E+002
 700.00  5.0630E+002
 700.50  5.0130E+002
 701.00  5.1328E+002
 701.50  5.3361E+002
 702.00  5.4772E+002
 702.50  5.8341E+002
 703.00  5.6698E+002
 703.50  5.6478E+002
 704.00  5.4956E+002
 704.50  5.4677E+002
 705.00  5.6041E+002
 705.50  5.2311E+002
 706.00  4.9382E+002
 706.50  4.9610E+002
 707.00  5.1444E+002
 707.50  5.5074E+002
 708.00  5.9877E+002
 708.50  6.2092E+002
 709.00  6.2606E+002
 709.50  6.1543E+002
 710.00  5.9080E+002
 710.50  5.9750E+002
 711.00  5.8286E+002
 711.50  5.6840E+002
 712.00  5.4907E+002
 712.50  5.6088E+002
 713.00  5.8049E+002
 713.50  6.1075E+002
 714.00  6.8468E+002
 714.50  6.9400E+002
 715.00  6.8149E+002
 715.50  6.7012E+002
 716.00  6.6167E+002
 716.50  6.5805E+002
 717.00  6.7610E+002
 717.50  7.8251E+002
 718.00  7.8884E+002
 718.50  7.4530E+002
 719.00  7.1342E+002
 719.50  6.8619E+002
 720.00  7.0730E+002
 720.50  6.7002E+002
 721.00  6.4565E+002
 721.50  6.7559E+002
 722.00  7.0684E+002
 722.50  7.4685E+002
 723.00  7.9433E+002
 723.50  7.8859E+002
 724.00  7.5058E+002
 724.50  7.3029E+002
 725.00  7.5916E+002
 725.50  7.7100E+002
 726.00  7.7923E+002
 726.50  7.8806E+002
 727.00  7.5887E+002
 727.50  7.7698E+002
 728.00  7.4284E+002
 728.50  6.9609E+002
 729.00  7.2469E+002
 729.50  7.4745E+002
 730.00  7.2655E+002
 730.50  6.9054E+002
 731.00  6.5403E+002
 731.50  6.1815E+002
 732.00  5.8693E+002
 732.50  5.7212E+002
 733.00  5.5830E+002
 733.50  5.4877E+002
 734.00  5.6150E+002
 734.50  5.5121E+002
 735.00  5.3305E+002
 735.50  5.1694E+002
 736.00  4.9609E+002
 736.50  5.1803E+002
 737.00  5.5711E+002
 737.50  5.7930E+002
 738.00  5.6940E+002
 738.50  5.9635E+002
 739.00  6.4149E+002
 739.50  6.6119E+002
 740.00  6.7885E+002
 740.50  6.9831E+002
 741.00  6.8386E+002
 741.50  6.5243E+002
 742.00  6.4774E+002
 742.50  6.4974E+002
 743.00  6.3241E+002
 743.50  6.0573E+002
 744.00  5.9013E+002
 744.50  5.4534E+002
 745.00  5.4196E+002
 745.50  6.1242E+002
 746.00  6.0236E+002
 746.50  5.7607E+002
 747.00  5.6278E+002
 747.50  5.6512E+002
 748.00  5.4432E+002
 748.50  5.3480E+002
 749.00  5.2662E+002
 749.50  5.0132E+002
 750.00  4.7725E+002
 750.50  4.6894E+002
 751.00  4.8404E+002
 751.50  4.9000E+002
 752.00  4.9407E+002
 752.50  5.0717E+002
 753.00  4.8496E+002
 753.50  4.8006E+002
 754.00  4.8697E+002
 754.50  5.1282E+002
 755.00  5.1129E+002
 755.50  5.0856E+002
 756.00  4.9485E+002
 756.50  5.2378E+002
 757.00  5.6484E+002
 757.50  5.5956E+002
 758.00  5.5038E+002
 758.50  5.7002E+002
 759.00  6.1315E+002
 759.50  6.9648E+002
 760.00  7.0347E+002
 760.50  6.5423E+002
 761.00  6.1785E+002
 761.50  5.9309E+002
 762.00  5.6168E+002
 762.50  5.5610E+002
 763.00  5.7007E+002
 763.50  5.7109E+002
 764.00  5.4813E+002
 764.50  5.5084E+002
 765.00  5.6830E+002
 765.50  5.8806E+002
 766.00  5.5639E+002
 766.50  5.4480E+002
 767.00  5.4447E+002
 767.50  5.4356E+002
 768.00  5.6033E+002
 768.50  5.7614E+002
 769.00  5.9068E+002
 769.50  5.7077E+002
 770.00  5.3546E+002
 770.50  5.2717E+002
 771.00  5.3492E+002
 771.50  5.4627E+002
 772.00  6.2888E+002
 772.50  6.5038E+002
 773.00  6.8871E+002
 773.50  7.3326E+002
 774.00  7.1746E+002
 774.50  6.9475E+002
 775.00  6.8188E+002
 775.50  6.3623E+002
 776.00  5.8646E+002
 776.50  5.5732E+002
 777.00  5.4070E+002
 777.50  5.2900E+002
 778.00  5.2345E+002
 778.50  5.2268E+002
 779.00  5.0381E+002
 779.50  4.8595E+002
 780.00  4.6072E+002
 780.50  4.3145E+002
 781.00  4.2986E+002
 781.50  4.7117E+002
 782.00  5.3862E+002
 782.50  5.2733E+002
 783.00  5.2762E+002
 783.50  5.0992E+002
 784.00  5.3081E+002
 784.50  5.4531E+002
 785.00  5.4521E+002
 785.50  5.3909E+002
 786.00  5.4877E+002
 786.50  5.4063E+002
 787.00  5.2183E+002
 787.50  4.9832E+002
 788.00  4.9346E+002
 788.50  4.9561E+002
 789.00  4.8827E+002
 789.50  4.9957E+002
 790.00  5.6158E+002
 790.50  6.1518E+002
 791.00  6.3995E+002
 791.50  6.4000E+002
 792.00  6.5606E+002
 792.50  6.7660E+002
 793.00  6.8125E+002
 793.50  6.8926E+002
 794.00  7.3222E+002
 794.50  7.1470E+002
 795.00  6.9891E+002
 795.50  6.6138E+002
 796.00  6.6862E+002
 796.50  6.8450E+002
 797.00  6.5036E+002
 797.50  6.0343E+002
 798.00  5.6748E+002
 798.50  5.4194E+002
 799.00  5.2005E+002
 799.50  5.1500E+002
 800.00  5.0231E+002
 800.50  4.6777E+002
 801.00  4.4889E+002
 801.50  4.5197E+002
 802.00  4.7692E+002
 802.50  4.7436E+002
 803.00  4.7024E+002
 803.50  4.8683E+002
 804.00  5.0755E+002
 804.50  5.3672E+002
 805.00  5.3598E+002
 805.50  5.2025E+002
 806.00  5.0496E+002
 806.50  4.8932E+002
 807.00  4.9104E+002
 807.50  5.4150E+002
 808.00  5.7637E+002
 808.50  5.8707E+002
 809.00  5.7659E+002
 809.50  5.6178E+002
 810.00  5.8268E+002
 810.50  5.8627E+002
 811.00  5.6685E+002
 811.50  5.6116E+002
 812.00  5.5190E+002
 812.50  5.3801E+002
 813.00  5.2192E+002
 813.50  5.2865E+002
 814.00  5.1824E+002
 814.50  5.0333E+002
 815.00  4.8791E+002
 815.50  4.7631E+002
 816.00  4.8613E+002
 816.50  5.1696E+002
 817.00  5.2616E+002
 817.50  5.2200E+002
 818.00  5.4438E+002
 818.50  5.5914E+002
 819.00  5.3398E+002
 819.50  4.9844E+002
 820.00  4.5934E+002
 820.50  4.5646E+002
 821.00  5.1690E+002
 821.50  5.1080E+002
 822.00  4.7399E+002
 822.50  4.6505E+002
 823.00  4.6227E+002
 823.50  4.6917E+002
 824.00  4.7035E+002
 824.50  4.6936E+002
 825.00  4.8500E+002
 825.50  4.9199E+002
 826.00  5.0880E+002
 826.50  4.9860E+002
 827.00  4.8778E+002
 827.50  4.8374E+002
 828.00  4.6858E+002
 828.50  4.4352E+002
 829.00  4.3770E+002
 829.50  4.2644E+002
 830.00  4.3564E+002
 830.50  4.7005E+002
 831.00  4.6539E+002
 831.50  4.3414E+002
 832.00  4.1426E+002
 832.50  4.0296E+002
 833.00  3.9821E+002
 833.50  3.9403E+002
 834.00  4.1623E+002
 834.50  4.2482E+002
 835.00  4.5434E+002
 835.50  4.4472E+002
 836.00  4.5625E+002
 836.50  4.6487E+002
 837.00  4.5905E+002
 837.50  4.5831E+002
 838.00  4.4912E+002
 838.50  4.7497E+002
 839.00  5.2067E+002
 839.50  5.6869E+002
 840.00  5.9057E+002
 840.50  5.6766E+002
 841.00  5.3523E+002
 841.50  5.2179E+002
 842.00  5.0658E+002
 842.50  4.8069E+002
 843.00  4.6001E+002
 843.50  4.6576E+002
 844.00  5.0931E+002
 844.50  5.1011E+002
 845.00  5.0889E+002
 845.50  4.9235E+002
 846.00  5.0067E+002
 846.50  5.1469E+002
 847.00  4.9444E+002
 847.50  4.7700E+002
 848.00  5.0818E+002
 848.50  5.1669E+002
 849.00  5.0758E+002
 849.50  4.8216E+002
 850.00  4.5347E+002
 850.50  4.2977E+002
 851.00  4.1205E+002
 851.50  4.0087E+002
 852.00  4.0303E+002
 852.50  4.0954E+002
 853.00  4.0993E+002
 853.50  4.0900E+002
 854.00  4.1055E+002
 854.50  4.1918E+002
 855.00  4.6915E+002
 855.50  4.8241E+002
 856.00  4.8583E+002
 856.50  4.9783E+002
 857.00  4.8067E+002
 857.50  4.6810E+002
 858.00  4.5644E+002
 858.50  4.5787E+002
 859.00  4.4639E+002
 859.50  4.4282E+002
 860.00  4.2213E+002
 860.50  4.1900E+002
 861.00  4.3831E+002
 861.50  4.4800E+002
 862.00  4.4791E+002
 862.50  4.4207E+002
 863.00  4.3476E+002
 863.50  4.2661E+002
 864.00  4.2582E+002
 864.50  4.1989E+002
 865.00  4.5863E+002
 865.50  5.3698E+002
 866.00  5.5439E+002
 866.50  5.6838E+002
 867.00  5.6435E+002
 867.50  5.2649E+002
 868.00  5.1176E+002
 868.50  5.0809E+002
 869.00  4.8890E+002
 869.50  4.7835E+002
 870.00  4.4938E+002
 870.50  4.6828E+002
 871.00  5.0438E+002
 871.50  5.1651E+002
 872.00  5.4229E+002
 872.50  5.6267E+002
 873.00  5.5842E+002
 873.50  5.2552E+002
 874.00  5.4806E+002
 874.50  5.9436E+002
 875.00  5.9573E+002
 875.50  5.6495E+002
 876.00  5.4231E+002
 876.50  5.3496E+002
 877.00  5.3753E+002
 877.50  5.3519E+002
 878.00  5.3808E+002
 878.50  5.4459E+002
 879.00  5.3555E+002
 879.50  5.0940E+002
 880.00  4.8384E+002
 880.50  4.7824E+002
 881.00  5.3364E+002
 881.50  5.9089E+002
 882.00  6.3167E+002
 882.50  7.0132E+002
 883.00  6.9254E+002
 883.50  6.8489E+002
 884.00  6.5781E+002
 884.50  6.3588E+002
 885.00  6.2574E+002
 885.50  6.4119E+002
 886.00  6.4235E+002
 886.50  6.1513E+002
 887.00  6.0484E+002
 887.50  5.9273E+002
 888.00  5.5619E+002
 888.50  5.1687E+002
 889.00  4.9929E+002
 889.50  4.9313E+002
 890.00  5.0293E+002
 890.50  5.1684E+002
 891.00  5.5680E+002
 891.50  5.6720E+002
 892.00  5.6520E+002
 892.50  5.9002E+002
 893.00  6.2113E+002
 893.50  6.0411E+002
 894.00  5.5567E+002
 894.50  5.5398E+002
 895.00  5.8543E+002
 895.50  5.5553E+002
 896.00  5.3035E+002
 896.50  5.2374E+002
 897.00  5.2618E+002
 897.50  5.5638E+002
 898.00  5.9252E+002
 898.50  5.8989E+002
 899.00  5.8731E+002
 899.50  5.8170E+002
 900.00  5.8585E+002
 900.50  6.2030E+002
 901.00  6.2795E+002
 901.50  6.1903E+002
 902.00  6.3301E+002
 902.50  6.3040E+002
 903.00  6.0795E+002
 903.50  5.9177E+002
 904.00  5.7587E+002
 904.50  5.6104E+002
 905.00  5.3383E+002
 905.50  5.2913E+002
 906.00  5.3819E+002
 906.50  5.0839E+002
 907.00  5.2169E+002
 907.50  5.2307E+002
 908.00  5.0955E+002
 908.50  5.1398E+002
 909.00  4.9241E+002
 909.50  5.0393E+002
 910.00  4.8900E+002
 910.50  4.9010E+002
 911.00  5.1404E+002
 911.50  5.9683E+002
 912.00  6.0073E+002
 912.50  6.0189E+002
 913.00  5.9121E+002
 913.50  5.6430E+002
 914.00  5.3456E+002
 914.50  5.0768E+002
 915.00  5.0456E+002
 915.50  5.1791E+002
 916.00  5.1944E+002
 916.50  5.1855E+002
 917.00  5.0841E+002
 917.50  4.9104E+002
 918.00  4.8172E+002
 918.50  4.8207E+002
 919.00  5.0692E+002
 919.50  5.2131E+002
 920.00  5.2062E+002
 920.50  5.1256E+002
 921.00  5.4284E+002
 921.50  5.8109E+002
 922.00  5.8964E+002
 922.50  6.6502E+002
 923.00  6.4312E+002
 923.50  6.3204E+002
 924.00  6.6756E+002
 924.50  6.7495E+002
 925.00  6.6461E+002
 925.50  6.7549E+002
 926.00  7.4148E+002
 926.50  7.2105E+002
 927.00  6.9130E+002
 927.50  6.5249E+002
 928.00  6.1483E+002
 928.50  5.9400E+002
 929.00  5.8297E+002
 929.50  5.6216E+002
 930.00  5.6297E+002
 930.50  5.6852E+002
 931.00  5.4180E+002
 931.50  5.0785E+002
 932.00  5.1552E+002
 932.50  5.4256E+002
 933.00  5.5789E+002
 933.50  5.6787E+002
 934.00  5.7388E+002
 934.50  5.5546E+002
 935.00  5.4430E+002
 935.50  5.3402E+002
 936.00  5.2182E+002
 936.50  5.0680E+002
 937.00  4.8038E+002
 937.50  4.9404E+002
 938.00  5.2622E+002
 938.50  5.3328E+002
 939.00  5.7213E+002
 939.50  6.0078E+002
 940.00  6.1223E+002
 940.50  6.2247E+002
 941.00  6.2065E+002
 941.50  6.3843E+002
 942.00  6.8156E+002
 942.50  6.9467E+002
 943.00  6.7987E+002
 943.50  6.5293E+002
 944.00  6.3024E+002
 944.50  6.0104E+002
 945.00  5.6871E+002
 945.50  5.4987E+002
 946.00  5.4338E+002
 946.50  5.6628E+002
 947.00  5.8116E+002
 947.50  5.6677E+002
 948.00  5.3983E+002
 948.50  5.0874E+002
 949.00  4.8612E+002
 949.50  4.9864E+002
 950.00  4.9474E+002
 950.50  4.7422E+002
 951.00  4.6119E+002
 951.50  4.5169E+002
 952.00  4.6936E+002
 952.50  5.0788E+002
 953.00  6.0049E+002
 953.50  6.3516E+002
 954.00  6.0815E+002
 954.50  5.6832E+002
 955.00  5.7098E+002
 955.50  5.7174E+002
 956.00  6.0537E+002
 956.50  6.1802E+002
 957.00  5.8994E+002
 957.50  5.6076E+002
 958.00  5.4259E+002
 958.50  5.5574E+002
 959.00  5.6088E+002
 959.50  5.4699E+002
 960.00  5.3726E+002
 960.50  5.3805E+002
 961.00  5.6948E+002
 961.50  5.7893E+002
 962.00  5.6743E+002
 962.50  5.5601E+002
 963.00  5.4788E+002
 963.50  5.8357E+002
 964.00  6.1976E+002
 964.50  6.1260E+002
 965.00  6.0019E+002
 965.50  5.8950E+002
 966.00  6.0187E+002
 966.50  6.1031E+002
 967.00  5.9994E+002
 967.50  6.0795E+002
 968.00  5.9572E+002
 968.50  5.9743E+002
 969.00  5.9318E+002
 969.50  5.7481E+002
 970.00  5.4804E+002
 970.50  5.5507E+002
 971.00  6.5224E+002
 971.50  7.1434E+002
 972.00  7.4997E+002
 972.50  7.4449E+002
 973.00  7.2425E+002
 973.50  6.9121E+002
 974.00  6.6077E+002
 974.50  6.6467E+002
 975.00  6.5181E+002
 975.50  6.5966E+002
 976.00  6.4764E+002
 976.50  6.1958E+002
 977.00  5.9396E+002
 977.50  5.6518E+002
 978.00  5.4744E+002
 978.50  5.3507E+002
 979.00  5.3967E+002
 979.50  5.4195E+002
 980.00  5.2244E+002
 980.50  4.8990E+002
 981.00  4.7798E+002
 981.50  4.8932E+002
 982.00  5.0443E+002
 982.50  5.1526E+002
 983.00  5.1285E+002
 983.50  5.0302E+002
 984.00  5.0519E+002
 984.50  5.1408E+002
 985.00  5.3874E+002
 985.50  5.9092E+002
 986.00  6.8312E+002
 986.50  7.3217E+002
 987.00  7.6237E+002
 987.50  7.5968E+002
 988.00  7.2455E+002
 988.50  7.0486E+002
 989.00  7.1664E+002
 989.50  8.0124E+002
 990.00  7.8970E+002
 990.50  7.8801E+002
 991.00  7.6444E+002
 991.50  7.1726E+002
 992.00  6.7117E+002
 992.50  6.3948E+002
 993.00  5.9163E+002
 993.50  5.8253E+002
 994.00  5.9035E+002
 994.50  5.8826E+002
 995.00  6.2188E+002
 995.50  6.4244E+002
 996.00  6.2005E+002
 996.50  5.9597E+002
 997.00  5.9698E+002
 997.50  6.0932E+002
 998.00  6.1237E+002
 998.50  6.1922E+002
 999.00  6.0020E+002
 999.50  5.5921E+002
1000.00  5.3298E+002
1000.50  5.2064E+002
1001.00  5.1244E+002
1001.50  5.0785E+002
1002.00  4.9871E+002
1002.50  4.8130E+002
1003.00  4.6813E+002
1003.50  4.6500E+002
1004.00  4.6960E+002
1004.50  4.9245E+002
1005.00  4.7307E+002
1005.50  4.6246E+002
1006.00  4.6225E+002
1006.50  4.5034E+002
1007.00  4.4700E+002
1007.50  4.5112E+002
1008.00  5.0969E+002
1008.50  5.2436E+002
1009.00  5.1604E+002
1009.50  4.9662E+002
1010.00  4.8181E+002
1010.50  4.7810E+002
1011.00  5.0965E+002
1011.50  5.2226E+002
1012.00  5.4240E+002
1012.50  5.2612E+002
1013.00  5.2816E+002
1013.50  5.3126E+002
1014.00  5.4111E+002
1014.50  5.3410E+002
1015.00  5.2796E+002
1015.50  5.3459E+002
1016.00  5.8485E+002
1016.50  5.9718E+002
1017.00  6.0321E+002
1017.50  5.9985E+002
1018.00  5.9390E+002
1018.50  5.9596E+002
1019.00  6.1010E+002
1019.50  5.9132E+002
1020.00  5.6202E+002
1020.50  5.4026E+002
1021.00  5.2789E+002
1021.50  5.1934E+002
1022.00  5.1254E+002
1022.50  5.4363E+002
1023.00  5.5586E+002
1023.50  5.2571E+002
1024.00  4.9716E+002
1024.50  4.7026E+002
1025.00  4.7648E+002
1025.50  4.7190E+002
1026.00  4.7460E+002
1026.50  4.8958E+002
1027.00  5.1023E+002
1027.50  5.1482E+002
1028.00  5.1849E+002
1028.50  5.2385E+002
1029.00  5.2342E+002
1029.50  5.4331E+002
1030.00  5.5050E+002
1030.50  5.5784E+002
1031.00  5.6425E+002
1031.50  5.4796E+002
1032.00  5.2031E+002
1032.50  4.7108E+002
1033.00  4.4785E+002
1033.50  4.7836E+002
1034.00  4.7801E+002
1034.50  4.8676E+002
1035.00  4.7587E+002
1035.50  4.7262E+002
1036.00  4.6975E+002
1036.50  5.0777E+002
1037.00  5.8208E+002
1037.50  6.3445E+002
1038.00  6.4472E+002
1038.50  6.2041E+002
1039.00  6.0654E+002
1039.50  5.8957E+002
1040.00  5.5124E+002
1040.50  5.0696E+002
1041.00  5.0527E+002
1041.50  5.2349E+002
1042.00  4.8200E+002
1042.50  4.4328E+002
1043.00  4.2100E+002
1043.50  4.2523E+002
1044.00  4.2917E+002
1044.50  4.2288E+002
1045.00  4.2753E+002
1045.50  4.4301E+002
1046.00  4.7892E+002
1046.50  5.1000E+002
1047.00  5.1468E+002
1047.50  5.3951E+002
1048.00  5.3911E+002
1048.50  5.0823E+002
1049.00  4.9839E+002
1049.50  5.0062E+002
1050.00  4.9528E+002
1050.50  5.1293E+002
1051.00  5.4890E+002
1051.50  5.7484E+002
1052.00  6.0942E+002
1052.50  6.4215E+002
1053.00  6.2233E+002
1053.50  5.8617E+002
1054.00  5.3953E+002
1054.50  5.0490E+002
1055.00  4.6366E+002
1055.50  4.3499E+002
1056.00  4.2757E+002
1056.50  4.6383E+002
1057.00  4.6094E+002
1057.50  4.5452E+002
1058.00  4.8101E+002
1058.50  4.7730E+002
1059.00  4.8571E+002
1059.50  5.6679E+002
1060.00  6.3502E+002
1060.50  6.4324E+002
1061.00  7.0019E+002
1061.50  6.7763E+002
1062.00  6.3778E+002
1062.50  6.3583E+002
1063.00  6.4181E+002
1063.50  6.2349E+002
1064.00  6.1841E+002
1064.50  6.0852E+002
1065.00  6.0582E+002
1065.50  6.0304E+002
1066.00  5.9393E+002
1066.50  5.9646E+002
1067.00  6.1726E+002
1067.50  6.3009E+002
1068.00  6.7904E+002
1068.50  6.9610E+002
1069.00  6.8642E+002
1069.50  6.6867E+002
1070.00  6.6321E+002
1070.50  6.7447E+002
1071.00  7.0644E+002
1071.50  7.0401E+002
1072.00  6.8077E+002
1072.50  6.7192E+002
1073.00  6.6753E+002
1073.50  6.3564E+002
1074.00  5.9681E+002
1074.50  5.6454E+002
1075.00  5.6425E+002
1075.50  5.7671E+002
1076.00  5.6306E+002
1076.50  5.4562E+002
1077.00  5.3837E+002
1077.50  5.2429E+002
1078.00  4.9746E+002
1078.50  4.7059E+002
1079.00  4.5622E+002
1079.50  4.5563E+002
1080.00  4.7115E+002
1080.50  4.9179E+002
1081.00  5.3537E+002
1081.50  5.3947E+002
1082.00  5.1365E+002
1082.50  4.7744E+002
1083.00  4.7567E+002
1083.50  4.7644E+002
1084.00  4.7999E+002
1084.50  4.6474E+002
1085.00  4.5106E+002
1085.50  4.3973E+002
1086.00  4.5774E+002
1086.50  4.8807E+002
1087.00  4.9111E+002
1087.50  4.7926E+002
1088.00  4.7616E+002
1088.50  4.6761E+002
1089.00  5.1627E+002
1089.50  5.0264E+002
1090.00  4.6976E+002
1090.50  4.7594E+002
1091.00  4.8389E+002
1091.50  4.6573E+002
1092.00  4.5314E+002
1092.50  4.5656E+002
1093.00  4.4787E+002
1093.50  4.4732E+002
1094.00  4.6318E+002
1094.50  4.6606E+002
1095.00  4.7693E+002
1095.50  4.9450E+002
1096.00  5.1596E+002
1096.50  5.1081E+002
1097.00  5.1500E+002
1097.50  5.1063E+002
1098.00  4.8914E+002
1098.50  4.8279E+002
1099.00  4.9676E+002
1099.50  4.8183E+002
1100.00  4.6848E+002
1100.50  4.6891E+002
1101.00  4.8086E+002
1101.50  5.0039E+002
1102.00  4.9819E+002
1102.50  4.8133E+002
1103.00  4.8200E+002
1103.50  4.8059E+002
1104.00  4.7508E+002
1104.50  4.7757E+002
1105.00  4.8138E+002
1105.50  4.6193E+002
1106.00  4.6302E+002
1106.50  4.9680E+002
1107.00  5.2921E+002
1107.50  5.6848E+002
1108.00  6.2147E+002
1108.50  6.7849E+002
1109.00  7.0716E+002
1109.50  6.8084E+002
1110.00  6.6640E+002
1110.50  6.4751E+002
1111.00  6.2103E+002
1111.50  6.3494E+002
1112.00  6.7278E+002
1112.50  6.7538E+002
1113.00  6.3436E+002
1113.50  5.9989E+002
1114.00  5.7038E+002
1114.50  5.3811E+002
1115.00  5.2764E+002
1115.50  5.8292E+002
1116.00  5.9536E+002
1116.50  5.7210E+002
1117.00  5.5604E+002
1117.50  5.6322E+002
1118.00  5.6871E+002
1118.50  5.5089E+002
1119.00  5.3296E+002
1119.50  5.3349E+002
1120.00  5.5170E+002
1120.50  5.5084E+002
1121.00  5.2867E+002
1121.50  5.1348E+002
1122.00  4.9411E+002
1122.50  4.7532E+002
1123.00  4.5629E+002
1123.50  4.5551E+002
1124.00  4.6194E+002
1124.50  4.9740E+002
1125.00  5.0736E+002
1125.50  4.7537E+002
1126.00  4.4957E+002
1126.50  -2.3282E+003
1127.00  -2.6240E+003
1127.50  -1.9635E+002
