" File: Nanosprings\nov17\direct laser 2000ms in
" SCOPE->  Wave:647.21nm  Pix:1050  Val:216.000  Time:2000ms  Avg:1  Sm:0  Sg:0  Tc:on  Z  SNAP  Xt:1  Ch:1  Xtrig
 180.00  3.0383E+003
 180.50  1.1825E+002
 181.00  9.0060E+001
 181.50  1.2667E+002
 182.00  1.5554E+002
 182.50  1.6668E+002
 183.00  1.6629E+002
 183.50  1.6957E+002
 184.00  1.6642E+002
 184.50  1.7196E+002
 185.00  1.6589E+002
 185.50  1.5476E+002
 186.00  1.7611E+002
 186.50  1.8227E+002
 187.00  2.0289E+002
 187.50  2.5057E+002
 188.00  2.6492E+002
 188.50  2.7900E+002
 189.00  2.6940E+002
 189.50  2.5287E+002
 190.00  2.4905E+002
 190.50  2.1800E+002
 191.00  2.1567E+002
 191.50  2.0817E+002
 192.00  2.1666E+002
 192.50  2.2255E+002
 193.00  2.3164E+002
 193.50  2.4391E+002
 194.00  2.3860E+002
 194.50  2.1953E+002
 195.00  1.9709E+002
 195.50  1.7743E+002
 196.00  1.7640E+002
 196.50  2.1136E+002
 197.00  2.1641E+002
 197.50  2.0274E+002
 198.00  2.0943E+002
 198.50  2.2679E+002
 199.00  2.3703E+002
 199.50  2.2332E+002
 200.00  2.3490E+002
 200.50  2.2871E+002
 201.00  2.1668E+002
 201.50  2.0582E+002
 202.00  2.0143E+002
 202.50  2.0950E+002
 203.00  2.0725E+002
 203.50  1.8873E+002
 204.00  1.8021E+002
 204.50  1.5297E+002
 205.00  1.3519E+002
 205.50  1.3339E+002
 206.00  1.6110E+002
 206.50  1.8397E+002
 207.00  1.9140E+002
 207.50  1.8830E+002
 208.00  1.8900E+002
 208.50  1.9683E+002
 209.00  2.1028E+002
 209.50  2.0216E+002
 210.00  1.7927E+002
 210.50  1.8971E+002
 211.00  2.0527E+002
 211.50  1.8191E+002
 212.00  1.7558E+002
 212.50  1.7318E+002
 213.00  1.6151E+002
 213.50  1.7169E+002
 214.00  1.9956E+002
 214.50  2.1058E+002
 215.00  2.1418E+002
 215.50  2.2631E+002
 216.00  2.3920E+002
 216.50  2.4400E+002
 217.00  2.3478E+002
 217.50  2.2467E+002
 218.00  2.4838E+002
 218.50  2.7654E+002
 219.00  2.7506E+002
 219.50  2.7656E+002
 220.00  2.8516E+002
 220.50  2.8750E+002
 221.00  2.7496E+002
 221.50  2.6155E+002
 222.00  2.6126E+002
 222.50  2.6356E+002
 223.00  2.3713E+002
 223.50  2.1700E+002
 224.00  2.1899E+002
 224.50  2.2563E+002
 225.00  2.1984E+002
 225.50  2.3423E+002
 226.00  2.6020E+002
 226.50  2.6591E+002
 227.00  2.7024E+002
 227.50  2.7900E+002
 228.00  2.6784E+002
 228.50  2.5457E+002
 229.00  2.5414E+002
 229.50  2.5934E+002
 230.00  2.6687E+002
 230.50  2.4706E+002
 231.00  2.2317E+002
 231.50  2.0293E+002
 232.00  1.8391E+002
 232.50  1.7289E+002
 233.00  1.7685E+002
 233.50  1.7301E+002
 234.00  1.7377E+002
 234.50  1.5004E+002
 235.00  1.4018E+002
 235.50  1.4358E+002
 236.00  1.4981E+002
 236.50  1.5287E+002
 237.00  1.6705E+002
 237.50  1.6712E+002
 238.00  1.4682E+002
 238.50  1.3006E+002
 239.00  1.3230E+002
 239.50  1.5864E+002
 240.00  1.5631E+002
 240.50  1.4940E+002
 241.00  1.6433E+002
 241.50  1.6256E+002
 242.00  1.6646E+002
 242.50  1.6640E+002
 243.00  1.6452E+002
 243.50  1.6666E+002
 244.00  1.8537E+002
 244.50  2.0298E+002
 245.00  2.2197E+002
 245.50  2.0688E+002
 246.00  2.0260E+002
 246.50  1.8146E+002
 247.00  1.5541E+002
 247.50  1.4119E+002
 248.00  1.5767E+002
 248.50  2.1373E+002
 249.00  2.4798E+002
 249.50  2.6302E+002
 250.00  2.5952E+002
 250.50  2.7043E+002
 251.00  2.9692E+002
 251.50  2.8845E+002
 252.00  2.6348E+002
 252.50  2.6045E+002
 253.00  2.5748E+002
 253.50  2.3536E+002
 254.00  2.1845E+002
 254.50  2.1402E+002
 255.00  2.1630E+002
 255.50  2.1742E+002
 256.00  2.0479E+002
 256.50  1.8543E+002
 257.00  1.7844E+002
 257.50  1.8297E+002
 258.00  1.9095E+002
 258.50  1.9331E+002
 259.00  2.2045E+002
 259.50  2.4201E+002
 260.00  2.5586E+002
 260.50  2.6868E+002
 261.00  2.7383E+002
 261.50  2.6333E+002
 262.00  2.7333E+002
 262.50  2.7401E+002
 263.00  2.6296E+002
 263.50  2.5026E+002
 264.00  2.3934E+002
 264.50  2.3117E+002
 265.00  2.0170E+002
 265.50  1.9051E+002
 266.00  1.8082E+002
 266.50  1.6134E+002
 267.00  1.4952E+002
 267.50  1.4346E+002
 268.00  1.5669E+002
 268.50  1.5645E+002
 269.00  1.4471E+002
 269.50  1.4031E+002
 270.00  1.4600E+002
 270.50  1.4231E+002
 271.00  1.4579E+002
 271.50  1.4953E+002
 272.00  1.6385E+002
 272.50  1.7711E+002
 273.00  1.8833E+002
 273.50  1.9998E+002
 274.00  2.0284E+002
 274.50  1.8519E+002
 275.00  1.7136E+002
 275.50  1.8961E+002
 276.00  2.2690E+002
 276.50  2.4088E+002
 277.00  2.1088E+002
 277.50  1.9987E+002
 278.00  2.0363E+002
 278.50  2.2002E+002
 279.00  2.3149E+002
 279.50  2.3392E+002
 280.00  2.3040E+002
 280.50  2.1905E+002
 281.00  2.1695E+002
 281.50  2.1777E+002
 282.00  2.0804E+002
 282.50  2.0400E+002
 283.00  2.1353E+002
 283.50  2.1903E+002
 284.00  2.4364E+002
 284.50  2.3203E+002
 285.00  2.2238E+002
 285.50  2.2216E+002
 286.00  2.1390E+002
 286.50  1.9769E+002
 287.00  1.7428E+002
 287.50  1.8084E+002
 288.00  1.9184E+002
 288.50  2.0084E+002
 289.00  2.1200E+002
 289.50  2.1444E+002
 290.00  2.1674E+002
 290.50  2.1700E+002
 291.00  2.2298E+002
 291.50  2.2259E+002
 292.00  2.3283E+002
 292.50  2.3582E+002
 293.00  2.4243E+002
 293.50  2.5038E+002
 294.00  2.4553E+002
 294.50  2.3270E+002
 295.00  2.2744E+002
 295.50  2.3155E+002
 296.00  2.1821E+002
 296.50  2.0677E+002
 297.00  2.2487E+002
 297.50  2.3988E+002
 298.00  2.4027E+002
 298.50  2.3800E+002
 299.00  2.3374E+002
 299.50  2.6195E+002
 300.00  2.8489E+002
 300.50  2.6545E+002
 301.00  2.5500E+002
 301.50  2.5736E+002
 302.00  2.3688E+002
 302.50  2.2721E+002
 303.00  2.0930E+002
 303.50  1.9171E+002
 304.00  1.7912E+002
 304.50  1.7228E+002
 305.00  1.6378E+002
 305.50  1.7366E+002
 306.00  1.9141E+002
 306.50  2.3259E+002
 307.00  2.5493E+002
 307.50  2.7688E+002
 308.00  2.6913E+002
 308.50  2.5274E+002
 309.00  2.3460E+002
 309.50  2.2489E+002
 310.00  2.0498E+002
 310.50  1.9379E+002
 311.00  2.0473E+002
 311.50  2.2957E+002
 312.00  2.3626E+002
 312.50  2.2611E+002
 313.00  2.3099E+002
 313.50  2.5563E+002
 314.00  3.0000E+002
 314.50  2.9805E+002
 315.00  2.8655E+002
 315.50  2.9013E+002
 316.00  2.9398E+002
 316.50  2.6400E+002
 317.00  2.4959E+002
 317.50  2.7043E+002
 318.00  2.8434E+002
 318.50  2.6969E+002
 319.00  2.4470E+002
 319.50  2.3277E+002
 320.00  2.3500E+002
 320.50  2.2872E+002
 321.00  2.3260E+002
 321.50  2.4066E+002
 322.00  2.1887E+002
 322.50  1.9173E+002
 323.00  1.8000E+002
 323.50  1.7998E+002
 324.00  1.9110E+002
 324.50  1.9400E+002
 325.00  1.9232E+002
 325.50  2.0069E+002
 326.00  1.9618E+002
 326.50  1.9756E+002
 327.00  1.9497E+002
 327.50  1.9770E+002
 328.00  2.0837E+002
 328.50  2.1272E+002
 329.00  2.0876E+002
 329.50  2.1773E+002
 330.00  2.5457E+002
 330.50  2.8562E+002
 331.00  3.1480E+002
 331.50  3.2475E+002
 332.00  3.4199E+002
 332.50  3.3478E+002
 333.00  3.2390E+002
 333.50  3.2397E+002
 334.00  3.3250E+002
 334.50  3.3588E+002
 335.00  3.3270E+002
 335.50  3.2596E+002
 336.00  3.1819E+002
 336.50  3.1323E+002
 337.00  2.9917E+002
 337.50  2.9215E+002
 338.00  3.0047E+002
 338.50  3.0847E+002
 339.00  3.2202E+002
 339.50  3.1610E+002
 340.00  3.0994E+002
 340.50  3.0631E+002
 341.00  2.8981E+002
 341.50  2.9179E+002
 342.00  2.9327E+002
 342.50  2.8663E+002
 343.00  2.9693E+002
 343.50  3.0725E+002
 344.00  3.0542E+002
 344.50  3.0548E+002
 345.00  3.0291E+002
 345.50  3.2081E+002
 346.00  3.2825E+002
 346.50  3.3811E+002
 347.00  3.6408E+002
 347.50  3.4826E+002
 348.00  3.1622E+002
 348.50  2.9558E+002
 349.00  2.8623E+002
 349.50  2.7400E+002
 350.00  2.7146E+002
 350.50  2.8380E+002
 351.00  2.8631E+002
 351.50  2.8602E+002
 352.00  2.8833E+002
 352.50  2.9016E+002
 353.00  2.9223E+002
 353.50  2.7870E+002
 354.00  2.8022E+002
 354.50  3.1141E+002
 355.00  3.1801E+002
 355.50  3.1306E+002
 356.00  3.3078E+002
 356.50  3.3773E+002
 357.00  3.3500E+002
 357.50  3.4521E+002
 358.00  3.3147E+002
 358.50  3.2891E+002
 359.00  3.2758E+002
 359.50  3.2897E+002
 360.00  3.4175E+002
 360.50  3.7505E+002
 361.00  4.2086E+002
 361.50  4.3219E+002
 362.00  4.2829E+002
 362.50  4.2726E+002
 363.00  4.5350E+002
 363.50  4.5572E+002
 364.00  4.5904E+002
 364.50  4.6082E+002
 365.00  4.5379E+002
 365.50  4.7555E+002
 366.00  4.8563E+002
 366.50  4.7504E+002
 367.00  4.8866E+002
 367.50  4.6207E+002
 368.00  4.5232E+002
 368.50  4.4751E+002
 369.00  4.6599E+002
 369.50  4.6806E+002
 370.00  4.6765E+002
 370.50  4.7270E+002
 371.00  4.8317E+002
 371.50  4.8618E+002
 372.00  4.8348E+002
 372.50  4.7459E+002
 373.00  4.7242E+002
 373.50  4.7164E+002
 374.00  4.8419E+002
 374.50  4.9766E+002
 375.00  5.0895E+002
 375.50  5.1256E+002
 376.00  5.1974E+002
 376.50  5.3245E+002
 377.00  5.4500E+002
 377.50  5.5894E+002
 378.00  5.6469E+002
 378.50  5.8526E+002
 379.00  6.1038E+002
 379.50  6.4900E+002
 380.00  6.4789E+002
 380.50  6.3953E+002
 381.00  6.2832E+002
 381.50  6.2302E+002
 382.00  6.3059E+002
 382.50  6.2222E+002
 383.00  6.3162E+002
 383.50  6.5817E+002
 384.00  6.9682E+002
 384.50  7.0580E+002
 385.00  7.0812E+002
 385.50  7.2055E+002
 386.00  7.4478E+002
 386.50  7.6622E+002
 387.00  7.7308E+002
 387.50  7.9613E+002
 388.00  8.4897E+002
 388.50  8.8389E+002
 389.00  9.2815E+002
 389.50  9.5618E+002
 390.00  9.8596E+002
 390.50  1.0392E+003
 391.00  1.0896E+003
 391.50  1.1297E+003
 392.00  1.1652E+003
 392.50  1.2183E+003
 393.00  1.2782E+003
 393.50  1.3533E+003
 394.00  1.4338E+003
 394.50  1.5318E+003
 395.00  1.6366E+003
 395.50  1.7349E+003
 396.00  1.8557E+003
 396.50  1.9709E+003
 397.00  2.0920E+003
 397.50  2.2271E+003
 398.00  2.3939E+003
 398.50  2.5746E+003
 399.00  2.7678E+003
 399.50  2.9946E+003
 400.00  3.2212E+003
 400.50  3.4763E+003
 401.00  3.7624E+003
 401.50  4.1085E+003
 402.00  4.5059E+003
 402.50  4.9189E+003
 403.00  5.3741E+003
 403.50  5.8868E+003
 404.00  6.4568E+003
 404.50  7.0800E+003
 405.00  7.7417E+003
 405.50  8.4185E+003
 406.00  9.1506E+003
 406.50  1.0030E+004
 407.00  1.0992E+004
 407.50  1.2038E+004
 408.00  1.3176E+004
 408.50  1.4382E+004
 409.00  1.5709E+004
 409.50  1.7156E+004
 410.00  1.8731E+004
 410.50  2.0510E+004
 411.00  2.2280E+004
 411.50  2.4168E+004
 412.00  2.6257E+004
 412.50  2.8457E+004
 413.00  3.0741E+004
 413.50  3.3651E+004
 414.00  3.6714E+004
 414.50  3.9676E+004
 415.00  4.2551E+004
 415.50  4.5244E+004
 416.00  4.7922E+004
 416.50  5.0827E+004
 417.00  5.3866E+004
 417.50  5.6431E+004
 418.00  5.8427E+004
 418.50  5.9853E+004
 419.00  6.0622E+004
 419.50  6.0636E+004
 420.00  5.9891E+004
 420.50  5.8716E+004
 421.00  5.7150E+004
 421.50  5.5291E+004
 422.00  5.3177E+004
 422.50  5.0942E+004
 423.00  4.8431E+004
 423.50  4.5734E+004
 424.00  4.3156E+004
 424.50  4.0768E+004
 425.00  3.8481E+004
 425.50  3.6233E+004
 426.00  3.4120E+004
 426.50  3.2223E+004
 427.00  3.0598E+004
 427.50  2.9145E+004
 428.00  2.7464E+004
 428.50  2.6074E+004
 429.00  2.4816E+004
 429.50  2.3639E+004
 430.00  2.2491E+004
 430.50  2.1368E+004
 431.00  2.0241E+004
 431.50  1.9138E+004
 432.00  1.8093E+004
 432.50  1.7092E+004
 433.00  1.6084E+004
 433.50  1.5116E+004
 434.00  1.4213E+004
 434.50  1.3342E+004
 435.00  1.2487E+004
 435.50  1.1663E+004
 436.00  1.0883E+004
 436.50  1.0167E+004
 437.00  9.5177E+003
 437.50  8.9024E+003
 438.00  8.3351E+003
 438.50  7.8209E+003
 439.00  7.3371E+003
 439.50  6.8637E+003
 440.00  6.4261E+003
 440.50  6.0491E+003
 441.00  5.6899E+003
 441.50  5.3393E+003
 442.00  5.0181E+003
 442.50  4.7275E+003
 443.00  4.4683E+003
 443.50  4.2354E+003
 444.00  4.0325E+003
 444.50  3.8459E+003
 445.00  3.6808E+003
 445.50  3.5230E+003
 446.00  3.3636E+003
 446.50  3.1958E+003
 447.00  3.0423E+003
 447.50  2.8811E+003
 448.00  2.7718E+003
 448.50  2.6296E+003
 449.00  2.4937E+003
 449.50  2.3572E+003
 450.00  2.2432E+003
 450.50  2.1511E+003
 451.00  2.0614E+003
 451.50  1.9526E+003
 452.00  1.8392E+003
 452.50  1.7376E+003
 453.00  1.6387E+003
 453.50  1.5356E+003
 454.00  1.4576E+003
 454.50  1.3969E+003
 455.00  1.3318E+003
 455.50  1.2752E+003
 456.00  1.2228E+003
 456.50  1.1632E+003
 457.00  1.1159E+003
 457.50  1.0878E+003
 458.00  1.0473E+003
 458.50  1.0130E+003
 459.00  9.6575E+002
 459.50  9.3554E+002
 460.00  8.9673E+002
 460.50  8.7581E+002
 461.00  8.5144E+002
 461.50  8.2281E+002
 462.00  8.1434E+002
 462.50  7.8205E+002
 463.00  7.8277E+002
 463.50  7.5902E+002
 464.00  7.3368E+002
 464.50  7.2294E+002
 465.00  6.9913E+002
 465.50  6.7884E+002
 466.00  6.6408E+002
 466.50  6.6920E+002
 467.00  6.5443E+002
 467.50  6.4073E+002
 468.00  6.2788E+002
 468.50  6.2502E+002
 469.00  6.0840E+002
 469.50  5.8003E+002
 470.00  5.6173E+002
 470.50  5.4819E+002
 471.00  5.2892E+002
 471.50  5.2218E+002
 472.00  5.1375E+002
 472.50  5.1291E+002
 473.00  5.0413E+002
 473.50  4.7837E+002
 474.00  4.6500E+002
 474.50  4.6788E+002
 475.00  4.7302E+002
 475.50  4.8435E+002
 476.00  4.9666E+002
 476.50  5.1269E+002
 477.00  5.1419E+002
 477.50  5.2900E+002
 478.00  5.3030E+002
 478.50  5.2122E+002
 479.00  5.0615E+002
 479.50  4.9463E+002
 480.00  4.9051E+002
 480.50  4.9118E+002
 481.00  4.8238E+002
 481.50  4.7486E+002
 482.00  4.5635E+002
 482.50  4.3244E+002
 483.00  4.1392E+002
 483.50  3.9821E+002
 484.00  3.8391E+002
 484.50  3.7916E+002
 485.00  3.7740E+002
 485.50  3.7675E+002
 486.00  3.6775E+002
 486.50  3.5871E+002
 487.00  3.3824E+002
 487.50  3.2741E+002
 488.00  3.2455E+002
 488.50  3.3855E+002
 489.00  3.5757E+002
 489.50  3.6599E+002
 490.00  3.5483E+002
 490.50  3.6748E+002
 491.00  3.9683E+002
 491.50  4.1477E+002
 492.00  4.2795E+002
 492.50  4.3546E+002
 493.00  4.1895E+002
 493.50  4.1101E+002
 494.00  4.2920E+002
 494.50  4.3554E+002
 495.00  4.4204E+002
 495.50  4.1606E+002
 496.00  3.9769E+002
 496.50  4.0474E+002
 497.00  4.0056E+002
 497.50  3.8594E+002
 498.00  3.9548E+002
 498.50  4.0295E+002
 499.00  3.9938E+002
 499.50  3.8184E+002
 500.00  3.7400E+002
 500.50  3.6900E+002
 501.00  3.6552E+002
 501.50  3.5427E+002
 502.00  3.5056E+002
 502.50  3.4636E+002
 503.00  3.3961E+002
 503.50  3.2014E+002
 504.00  3.1361E+002
 504.50  3.1964E+002
 505.00  3.2046E+002
 505.50  3.2296E+002
 506.00  3.0679E+002
 506.50  2.8769E+002
 507.00  2.8359E+002
 507.50  2.9610E+002
 508.00  3.1083E+002
 508.50  3.1115E+002
 509.00  3.0238E+002
 509.50  3.2234E+002
 510.00  3.2561E+002
 510.50  3.2533E+002
 511.00  3.1432E+002
 511.50  3.0459E+002
 512.00  2.9913E+002
 512.50  2.9967E+002
 513.00  3.0859E+002
 513.50  3.1100E+002
 514.00  3.1760E+002
 514.50  3.1961E+002
 515.00  3.1027E+002
 515.50  3.2688E+002
 516.00  3.5376E+002
 516.50  3.5582E+002
 517.00  3.5609E+002
 517.50  3.3496E+002
 518.00  3.0403E+002
 518.50  2.6944E+002
 519.00  2.5942E+002
 519.50  2.8750E+002
 520.00  3.1045E+002
 520.50  3.2219E+002
 521.00  3.2955E+002
 521.50  3.2675E+002
 522.00  3.2400E+002
 522.50  3.3192E+002
 523.00  3.3824E+002
 523.50  3.3768E+002
 524.00  3.5179E+002
 524.50  3.6713E+002
 525.00  3.7847E+002
 525.50  3.9240E+002
 526.00  4.0414E+002
 526.50  4.1308E+002
 527.00  4.1608E+002
 527.50  4.1559E+002
 528.00  4.2335E+002
 528.50  4.3360E+002
 529.00  4.3567E+002
 529.50  4.2745E+002
 530.00  4.2331E+002
 530.50  4.1740E+002
 531.00  4.0898E+002
 531.50  4.0900E+002
 532.00  4.1279E+002
 532.50  3.9542E+002
 533.00  3.9703E+002
 533.50  4.0854E+002
 534.00  4.3323E+002
 534.50  4.6827E+002
 535.00  4.7780E+002
 535.50  4.8439E+002
 536.00  4.6962E+002
 536.50  4.7099E+002
 537.00  4.5205E+002
 537.50  4.4026E+002
 538.00  4.2990E+002
 538.50  4.1734E+002
 539.00  4.0325E+002
 539.50  3.9784E+002
 540.00  3.9991E+002
 540.50  3.9669E+002
 541.00  3.8848E+002
 541.50  4.0804E+002
 542.00  3.9847E+002
 542.50  3.8244E+002
 543.00  3.7255E+002
 543.50  3.8322E+002
 544.00  4.1800E+002
 544.50  4.3640E+002
 545.00  4.4024E+002
 545.50  4.4255E+002
 546.00  4.3238E+002
 546.50  4.2552E+002
 547.00  4.0317E+002
 547.50  3.9532E+002
 548.00  4.1999E+002
 548.50  4.1937E+002
 549.00  4.2371E+002
 549.50  4.3256E+002
 550.00  4.4344E+002
 550.50  4.3151E+002
 551.00  4.2491E+002
 551.50  4.3152E+002
 552.00  4.3908E+002
 552.50  4.4936E+002
 553.00  4.4767E+002
 553.50  4.4034E+002
 554.00  4.2964E+002
 554.50  4.1744E+002
 555.00  3.9817E+002
 555.50  3.9646E+002
 556.00  3.9623E+002
 556.50  3.9000E+002
 557.00  3.8562E+002
 557.50  3.7125E+002
 558.00  3.6142E+002
 558.50  3.7122E+002
 559.00  3.8109E+002
 559.50  3.5967E+002
 560.00  3.5683E+002
 560.50  3.5316E+002
 561.00  3.5360E+002
 561.50  3.7146E+002
 562.00  3.6643E+002
 562.50  3.5543E+002
 563.00  3.5384E+002
 563.50  3.5163E+002
 564.00  3.4700E+002
 564.50  3.3807E+002
 565.00  3.1809E+002
 565.50  3.0817E+002
 566.00  2.9694E+002
 566.50  3.1260E+002
 567.00  3.2383E+002
 567.50  3.3281E+002
 568.00  3.3860E+002
 568.50  3.3752E+002
 569.00  3.4037E+002
 569.50  3.5267E+002
 570.00  3.5655E+002
 570.50  3.7139E+002
 571.00  3.9732E+002
 571.50  4.0683E+002
 572.00  3.9246E+002
 572.50  3.9972E+002
 573.00  3.9711E+002
 573.50  3.9430E+002
 574.00  3.8997E+002
 574.50  3.7496E+002
 575.00  3.6149E+002
 575.50  3.4307E+002
 576.00  3.3572E+002
 576.50  3.3600E+002
 577.00  3.5094E+002
 577.50  3.3571E+002
 578.00  3.4692E+002
 578.50  3.6701E+002
 579.00  3.5775E+002
 579.50  3.4957E+002
 580.00  3.5725E+002
 580.50  3.6486E+002
 581.00  3.6153E+002
 581.50  3.5284E+002
 582.00  3.4354E+002
 582.50  3.2964E+002
 583.00  3.1150E+002
 583.50  3.1927E+002
 584.00  3.2104E+002
 584.50  3.2438E+002
 585.00  3.2712E+002
 585.50  3.2095E+002
 586.00  3.1366E+002
 586.50  3.1433E+002
 587.00  3.2347E+002
 587.50  3.2742E+002
 588.00  3.3160E+002
 588.50  3.4873E+002
 589.00  3.5155E+002
 589.50  3.4114E+002
 590.00  3.4098E+002
 590.50  3.3094E+002
 591.00  3.3040E+002
 591.50  3.3750E+002
 592.00  3.5195E+002
 592.50  3.4327E+002
 593.00  3.3745E+002
 593.50  3.4225E+002
 594.00  3.4295E+002
 594.50  3.7132E+002
 595.00  3.8423E+002
 595.50  3.8739E+002
 596.00  3.9078E+002
 596.50  3.7295E+002
 597.00  3.5885E+002
 597.50  3.3403E+002
 598.00  3.2828E+002
 598.50  3.2664E+002
 599.00  3.1889E+002
 599.50  2.9457E+002
 600.00  2.8576E+002
 600.50  2.8800E+002
 601.00  3.0571E+002
 601.50  3.2165E+002
 602.00  3.1363E+002
 602.50  3.1200E+002
 603.00  3.1321E+002
 603.50  3.2371E+002
 604.00  3.2013E+002
 604.50  3.1751E+002
 605.00  3.1608E+002
 605.50  3.0888E+002
 606.00  3.0730E+002
 606.50  2.9744E+002
 607.00  2.9891E+002
 607.50  2.9286E+002
 608.00  2.8209E+002
 608.50  2.6872E+002
 609.00  2.6039E+002
 609.50  2.5104E+002
 610.00  2.5251E+002
 610.50  2.4730E+002
 611.00  2.4174E+002
 611.50  2.3467E+002
 612.00  2.3965E+002
 612.50  2.4896E+002
 613.00  2.5444E+002
 613.50  2.5926E+002
 614.00  2.4090E+002
 614.50  2.3065E+002
 615.00  2.3344E+002
 615.50  2.2839E+002
 616.00  1.8991E+002
 616.50  1.8134E+002
 617.00  1.8758E+002
 617.50  2.0171E+002
 618.00  2.1429E+002
 618.50  2.3197E+002
 619.00  2.2955E+002
 619.50  2.4782E+002
 620.00  2.6474E+002
 620.50  2.8618E+002
 621.00  3.0924E+002
 621.50  3.2655E+002
 622.00  3.2718E+002
 622.50  3.1221E+002
 623.00  3.1572E+002
 623.50  2.9195E+002
 624.00  2.6370E+002
 624.50  2.5188E+002
 625.00  2.3577E+002
 625.50  2.1625E+002
 626.00  2.1051E+002
 626.50  2.2261E+002
 627.00  2.4735E+002
 627.50  2.5309E+002
 628.00  2.4398E+002
 628.50  2.5075E+002
 629.00  2.4915E+002
 629.50  2.4402E+002
 630.00  2.4836E+002
 630.50  2.8136E+002
 631.00  2.8581E+002
 631.50  2.7521E+002
 632.00  2.7284E+002
 632.50  2.8616E+002
 633.00  3.2151E+002
 633.50  3.4131E+002
 634.00  3.3632E+002
 634.50  3.0962E+002
 635.00  2.7869E+002
 635.50  2.5152E+002
 636.00  2.6843E+002
 636.50  3.0164E+002
 637.00  3.3793E+002
 637.50  3.4179E+002
 638.00  3.2095E+002
 638.50  2.9433E+002
 639.00  2.8141E+002
 639.50  2.7579E+002
 640.00  2.6186E+002
 640.50  2.3985E+002
 641.00  2.4940E+002
 641.50  2.5800E+002
 642.00  2.5800E+002
 642.50  2.4347E+002
 643.00  2.3319E+002
 643.50  2.2739E+002
 644.00  2.1710E+002
 644.50  2.2326E+002
 645.00  2.1653E+002
 645.50  2.2236E+002
 646.00  2.3385E+002
 646.50  2.3513E+002
 647.00  2.2322E+002
 647.50  2.1724E+002
 648.00  2.2904E+002
 648.50  2.3552E+002
 649.00  2.2270E+002
 649.50  2.2361E+002
 650.00  2.2011E+002
 650.50  2.1045E+002
 651.00  1.9619E+002
 651.50  1.8475E+002
 652.00  1.9320E+002
 652.50  1.8329E+002
 653.00  1.8600E+002
 653.50  1.7952E+002
 654.00  1.6614E+002
 654.50  1.6281E+002
 655.00  1.5055E+002
 655.50  1.4252E+002
 656.00  1.3794E+002
 656.50  1.3964E+002
 657.00  1.3905E+002
 657.50  1.3604E+002
 658.00  1.3827E+002
 658.50  1.4448E+002
 659.00  1.6414E+002
 659.50  1.6533E+002
 660.00  1.5096E+002
 660.50  1.3483E+002
 661.00  1.3502E+002
 661.50  1.6200E+002
 662.00  2.0048E+002
 662.50  2.1909E+002
 663.00  2.4998E+002
 663.50  2.4362E+002
 664.00  2.2912E+002
 664.50  2.2112E+002
 665.00  2.2125E+002
 665.50  2.2612E+002
 666.00  2.2737E+002
 666.50  2.3180E+002
 667.00  2.4065E+002
 667.50  2.3966E+002
 668.00  2.4791E+002
 668.50  2.8093E+002
 669.00  2.9207E+002
 669.50  2.7743E+002
 670.00  2.6981E+002
 670.50  2.7139E+002
 671.00  2.5992E+002
 671.50  2.6451E+002
 672.00  2.5902E+002
 672.50  2.4720E+002
 673.00  2.1627E+002
 673.50  1.8182E+002
 674.00  1.6343E+002
 674.50  1.4368E+002
 675.00  1.3699E+002
 675.50  1.4279E+002
 676.00  1.4919E+002
 676.50  1.6038E+002
 677.00  1.6334E+002
 677.50  1.5615E+002
 678.00  1.3167E+002
 678.50  1.1909E+002
 679.00  1.3846E+002
 679.50  1.4299E+002
 680.00  1.5979E+002
 680.50  2.0251E+002
 681.00  2.0445E+002
 681.50  1.9748E+002
 682.00  1.9665E+002
 682.50  1.9409E+002
 683.00  1.8526E+002
 683.50  1.8096E+002
 684.00  1.8998E+002
 684.50  1.8460E+002
 685.00  1.7369E+002
 685.50  1.8844E+002
 686.00  2.0402E+002
 686.50  2.0509E+002
 687.00  1.9620E+002
 687.50  1.8296E+002
 688.00  1.8146E+002
 688.50  1.7476E+002
 689.00  1.6329E+002
 689.50  1.5889E+002
 690.00  1.5144E+002
 690.50  1.4614E+002
 691.00  1.4450E+002
 691.50  1.4736E+002
 692.00  1.5062E+002
 692.50  1.7026E+002
 693.00  1.9479E+002
 693.50  2.2693E+002
 694.00  2.4092E+002
 694.50  2.3351E+002
 695.00  2.2996E+002
 695.50  2.2300E+002
 696.00  1.9605E+002
 696.50  1.8563E+002
 697.00  1.6485E+002
 697.50  1.5698E+002
 698.00  1.6250E+002
 698.50  1.7026E+002
 699.00  1.7558E+002
 699.50  1.7684E+002
 700.00  1.7921E+002
 700.50  1.7818E+002
 701.00  1.7623E+002
 701.50  1.7932E+002
 702.00  1.7643E+002
 702.50  1.7122E+002
 703.00  1.5965E+002
 703.50  1.4116E+002
 704.00  1.4271E+002
 704.50  1.3791E+002
 705.00  1.2385E+002
 705.50  1.1932E+002
 706.00  1.2200E+002
 706.50  1.2655E+002
 707.00  1.3355E+002
 707.50  1.3790E+002
 708.00  1.4513E+002
 708.50  1.5925E+002
 709.00  1.7165E+002
 709.50  1.6904E+002
 710.00  1.6267E+002
 710.50  1.7814E+002
 711.00  1.6701E+002
 711.50  1.6735E+002
 712.00  1.5873E+002
 712.50  1.5778E+002
 713.00  1.6356E+002
 713.50  1.8275E+002
 714.00  2.1103E+002
 714.50  2.1556E+002
 715.00  2.0799E+002
 715.50  2.0437E+002
 716.00  1.9020E+002
 716.50  1.7454E+002
 717.00  1.8241E+002
 717.50  2.2701E+002
 718.00  2.3786E+002
 718.50  2.1857E+002
 719.00  2.1010E+002
 719.50  1.9859E+002
 720.00  2.1174E+002
 720.50  2.1734E+002
 721.00  2.1581E+002
 721.50  2.2372E+002
 722.00  2.2558E+002
 722.50  2.3358E+002
 723.00  2.6131E+002
 723.50  2.6412E+002
 724.00  2.3886E+002
 724.50  2.3180E+002
 725.00  2.3430E+002
 725.50  2.3171E+002
 726.00  2.5240E+002
 726.50  2.8258E+002
 727.00  2.8035E+002
 727.50  2.8398E+002
 728.00  2.5912E+002
 728.50  2.6076E+002
 729.00  2.6007E+002
 729.50  2.6382E+002
 730.00  2.5468E+002
 730.50  2.3563E+002
 731.00  2.2029E+002
 731.50  2.0510E+002
 732.00  1.8711E+002
 732.50  1.8100E+002
 733.00  1.7777E+002
 733.50  1.6895E+002
 734.00  1.7592E+002
 734.50  1.7161E+002
 735.00  1.6472E+002
 735.50  1.7338E+002
 736.00  1.7798E+002
 736.50  1.6916E+002
 737.00  1.7378E+002
 737.50  1.8800E+002
 738.00  1.8823E+002
 738.50  1.9668E+002
 739.00  2.1805E+002
 739.50  2.2040E+002
 740.00  2.2668E+002
 740.50  2.3854E+002
 741.00  2.2286E+002
 741.50  2.0560E+002
 742.00  2.1466E+002
 742.50  2.2000E+002
 743.00  2.0880E+002
 743.50  2.0857E+002
 744.00  2.0809E+002
 744.50  1.8180E+002
 745.00  1.7132E+002
 745.50  1.8325E+002
 746.00  1.8544E+002
 746.50  1.7866E+002
 747.00  1.7057E+002
 747.50  1.8607E+002
 748.00  1.7961E+002
 748.50  1.7833E+002
 749.00  1.9178E+002
 749.50  1.8952E+002
 750.00  1.7356E+002
 750.50  1.6571E+002
 751.00  1.7342E+002
 751.50  1.7927E+002
 752.00  1.8569E+002
 752.50  1.9221E+002
 753.00  1.8560E+002
 753.50  1.7716E+002
 754.00  1.8107E+002
 754.50  1.8236E+002
 755.00  1.7556E+002
 755.50  1.7260E+002
 756.00  1.7228E+002
 756.50  1.8442E+002
 757.00  1.9896E+002
 757.50  1.8525E+002
 758.00  1.8458E+002
 758.50  1.9932E+002
 759.00  2.2218E+002
 759.50  2.5488E+002
 760.00  2.4930E+002
 760.50  2.3074E+002
 761.00  2.2459E+002
 761.50  2.1627E+002
 762.00  1.9947E+002
 762.50  1.8735E+002
 763.00  1.7178E+002
 763.50  1.6231E+002
 764.00  1.6665E+002
 764.50  1.7358E+002
 765.00  1.9072E+002
 765.50  2.0491E+002
 766.00  1.8877E+002
 766.50  1.7820E+002
 767.00  1.7501E+002
 767.50  1.6292E+002
 768.00  1.6149E+002
 768.50  1.7421E+002
 769.00  1.8067E+002
 769.50  1.7668E+002
 770.00  1.6029E+002
 770.50  1.6014E+002
 771.00  1.7068E+002
 771.50  1.8320E+002
 772.00  2.0077E+002
 772.50  2.0804E+002
 773.00  2.0983E+002
 773.50  2.1815E+002
 774.00  2.1603E+002
 774.50  1.9849E+002
 775.00  1.8018E+002
 775.50  1.7529E+002
 776.00  1.7278E+002
 776.50  1.7652E+002
 777.00  1.7839E+002
 777.50  1.7005E+002
 778.00  1.6330E+002
 778.50  1.5765E+002
 779.00  1.4951E+002
 779.50  1.4623E+002
 780.00  1.4187E+002
 780.50  1.3311E+002
 781.00  1.2550E+002
 781.50  1.4461E+002
 782.00  1.7365E+002
 782.50  1.6283E+002
 783.00  1.5749E+002
 783.50  1.3500E+002
 784.00  1.3571E+002
 784.50  1.3713E+002
 785.00  1.4147E+002
 785.50  1.5752E+002
 786.00  1.6167E+002
 786.50  1.5408E+002
 787.00  1.4691E+002
 787.50  1.5017E+002
 788.00  1.5623E+002
 788.50  1.6427E+002
 789.00  1.6177E+002
 789.50  1.7118E+002
 790.00  2.0541E+002
 790.50  2.3259E+002
 791.00  2.3975E+002
 791.50  2.3400E+002
 792.00  2.4395E+002
 792.50  2.4371E+002
 793.00  2.4789E+002
 793.50  2.4002E+002
 794.00  2.5349E+002
 794.50  2.4510E+002
 795.00  2.3142E+002
 795.50  2.0279E+002
 796.00  1.9966E+002
 796.50  2.1500E+002
 797.00  2.1330E+002
 797.50  1.9861E+002
 798.00  1.9560E+002
 798.50  1.9002E+002
 799.00  1.7728E+002
 799.50  1.6045E+002
 800.00  1.4939E+002
 800.50  1.4621E+002
 801.00  1.3845E+002
 801.50  1.4694E+002
 802.00  1.7147E+002
 802.50  1.8191E+002
 803.00  1.7778E+002
 803.50  1.5819E+002
 804.00  1.6185E+002
 804.50  1.6871E+002
 805.00  1.5965E+002
 805.50  1.5377E+002
 806.00  1.5241E+002
 806.50  1.4516E+002
 807.00  1.3942E+002
 807.50  1.3742E+002
 808.00  1.4262E+002
 808.50  1.4465E+002
 809.00  1.3247E+002
 809.50  1.2877E+002
 810.00  1.3961E+002
 810.50  1.5151E+002
 811.00  1.6212E+002
 811.50  1.8412E+002
 812.00  1.8203E+002
 812.50  1.8589E+002
 813.00  1.8400E+002
 813.50  1.8355E+002
 814.00  1.8061E+002
 814.50  1.7411E+002
 815.00  1.6192E+002
 815.50  1.6629E+002
 816.00  1.6679E+002
 816.50  1.8033E+002
 817.00  1.8216E+002
 817.50  1.6904E+002
 818.00  1.7248E+002
 818.50  1.9217E+002
 819.00  1.9500E+002
 819.50  1.7372E+002
 820.00  1.5992E+002
 820.50  1.6284E+002
 821.00  1.8193E+002
 821.50  1.7960E+002
 822.00  1.6197E+002
 822.50  1.5107E+002
 823.00  1.4711E+002
 823.50  1.2432E+002
 824.00  1.1805E+002
 824.50  1.2695E+002
 825.00  1.3823E+002
 825.50  1.5218E+002
 826.00  1.7214E+002
 826.50  1.7612E+002
 827.00  1.6938E+002
 827.50  1.6294E+002
 828.00  1.4806E+002
 828.50  1.2932E+002
 829.00  1.1671E+002
 829.50  1.1490E+002
 830.00  1.2482E+002
 830.50  1.3768E+002
 831.00  1.4100E+002
 831.50  1.3286E+002
 832.00  1.1468E+002
 832.50  1.0567E+002
 833.00  1.0026E+002
 833.50  9.7019E+001
 834.00  9.2498E+001
 834.50  1.0575E+002
 835.00  1.1260E+002
 835.50  1.0111E+002
 836.00  9.4383E+001
 836.50  9.7517E+001
 837.00  8.5970E+001
 837.50  9.4650E+001
 838.00  1.0503E+002
 838.50  1.2901E+002
 839.00  1.4620E+002
 839.50  1.5658E+002
 840.00  1.5116E+002
 840.50  1.3801E+002
 841.00  1.2774E+002
 841.50  1.2991E+002
 842.00  1.4542E+002
 842.50  1.4605E+002
 843.00  1.3417E+002
 843.50  1.2762E+002
 844.00  1.4356E+002
 844.50  1.3826E+002
 845.00  1.3300E+002
 845.50  1.3340E+002
 846.00  1.4053E+002
 846.50  1.3627E+002
 847.00  1.3818E+002
 847.50  1.4056E+002
 848.00  1.4786E+002
 848.50  1.5546E+002
 849.00  1.5258E+002
 849.50  1.3385E+002
 850.00  1.2900E+002
 850.50  1.3523E+002
 851.00  1.4096E+002
 851.50  1.3323E+002
 852.00  1.2194E+002
 852.50  1.2060E+002
 853.00  1.1924E+002
 853.50  1.1213E+002
 854.00  1.1155E+002
 854.50  1.2018E+002
 855.00  1.3576E+002
 855.50  1.5062E+002
 856.00  1.4539E+002
 856.50  1.5683E+002
 857.00  1.5962E+002
 857.50  1.4476E+002
 858.00  1.2700E+002
 858.50  1.1991E+002
 859.00  1.2500E+002
 859.50  1.2877E+002
 860.00  1.3962E+002
 860.50  1.3536E+002
 861.00  1.3652E+002
 861.50  1.3900E+002
 862.00  1.3070E+002
 862.50  1.2448E+002
 863.00  1.1767E+002
 863.50  1.0987E+002
 864.00  1.1566E+002
 864.50  1.1547E+002
 865.00  1.3775E+002
 865.50  1.7449E+002
 866.00  1.9323E+002
 866.50  1.9033E+002
 867.00  1.8135E+002
 867.50  1.7911E+002
 868.00  1.7528E+002
 868.50  1.7209E+002
 869.00  1.7085E+002
 869.50  1.5712E+002
 870.00  1.4137E+002
 870.50  1.4751E+002
 871.00  1.6314E+002
 871.50  1.6112E+002
 872.00  1.6673E+002
 872.50  1.6292E+002
 873.00  1.6867E+002
 873.50  1.6600E+002
 874.00  1.8161E+002
 874.50  2.0670E+002
 875.00  2.0363E+002
 875.50  1.8800E+002
 876.00  1.7773E+002
 876.50  1.7478E+002
 877.00  1.6558E+002
 877.50  1.6100E+002
 878.00  1.6245E+002
 878.50  1.5918E+002
 879.00  1.4032E+002
 879.50  1.3094E+002
 880.00  1.3882E+002
 880.50  1.5013E+002
 881.00  1.8361E+002
 881.50  2.1494E+002
 882.00  2.1773E+002
 882.50  2.3715E+002
 883.00  2.3763E+002
 883.50  2.2274E+002
 884.00  1.9767E+002
 884.50  1.8674E+002
 885.00  1.6953E+002
 885.50  1.7344E+002
 886.00  1.7831E+002
 886.50  1.7357E+002
 887.00  1.6212E+002
 887.50  1.5171E+002
 888.00  1.4850E+002
 888.50  1.4213E+002
 889.00  1.4100E+002
 889.50  1.5070E+002
 890.00  1.5371E+002
 890.50  1.5642E+002
 891.00  1.8253E+002
 891.50  1.9731E+002
 892.00  1.9422E+002
 892.50  1.8550E+002
 893.00  1.9532E+002
 893.50  1.7883E+002
 894.00  1.4769E+002
 894.50  1.3519E+002
 895.00  1.5992E+002
 895.50  1.5606E+002
 896.00  1.5737E+002
 896.50  1.6113E+002
 897.00  1.6233E+002
 897.50  1.6624E+002
 898.00  1.7620E+002
 898.50  1.8194E+002
 899.00  1.8575E+002
 899.50  1.8720E+002
 900.00  2.0737E+002
 900.50  2.3292E+002
 901.00  2.4284E+002
 901.50  2.4896E+002
 902.00  2.6097E+002
 902.50  2.6005E+002
 903.00  2.4313E+002
 903.50  2.2577E+002
 904.00  2.0852E+002
 904.50  2.0158E+002
 905.00  1.8979E+002
 905.50  1.9070E+002
 906.00  2.0101E+002
 906.50  1.8421E+002
 907.00  1.7121E+002
 907.50  1.6537E+002
 908.00  1.6212E+002
 908.50  1.5403E+002
 909.00  1.3941E+002
 909.50  1.5140E+002
 910.00  1.4310E+002
 910.50  1.4537E+002
 911.00  1.5899E+002
 911.50  1.8362E+002
 912.00  1.8721E+002
 912.50  1.8989E+002
 913.00  1.8295E+002
 913.50  1.7400E+002
 914.00  1.7514E+002
 914.50  1.7783E+002
 915.00  1.7630E+002
 915.50  1.8076E+002
 916.00  1.8692E+002
 916.50  1.8168E+002
 917.00  1.7488E+002
 917.50  1.6142E+002
 918.00  1.5303E+002
 918.50  1.5614E+002
 919.00  1.6815E+002
 919.50  1.7655E+002
 920.00  1.7324E+002
 920.50  1.5960E+002
 921.00  1.7077E+002
 921.50  2.0073E+002
 922.00  1.9008E+002
 922.50  2.2843E+002
 923.00  2.2801E+002
 923.50  2.3638E+002
 924.00  2.4875E+002
 924.50  2.4529E+002
 925.00  2.4710E+002
 925.50  2.4636E+002
 926.00  2.6891E+002
 926.50  2.4365E+002
 927.00  2.2664E+002
 927.50  2.1734E+002
 928.00  2.0903E+002
 928.50  2.0283E+002
 929.00  1.9742E+002
 929.50  1.8860E+002
 930.00  1.8827E+002
 930.50  2.0145E+002
 931.00  1.9660E+002
 931.50  1.8064E+002
 932.00  1.7518E+002
 932.50  1.7911E+002
 933.00  1.6921E+002
 933.50  1.6300E+002
 934.00  1.6660E+002
 934.50  1.6123E+002
 935.00  1.4332E+002
 935.50  1.3655E+002
 936.00  1.3430E+002
 936.50  1.3488E+002
 937.00  1.3500E+002
 937.50  1.3311E+002
 938.00  1.3690E+002
 938.50  1.3915E+002
 939.00  1.6059E+002
 939.50  1.7606E+002
 940.00  1.9031E+002
 940.50  1.9099E+002
 941.00  1.8064E+002
 941.50  1.9557E+002
 942.00  1.9972E+002
 942.50  1.8941E+002
 943.00  1.8142E+002
 943.50  1.7871E+002
 944.00  1.8235E+002
 944.50  1.8633E+002
 945.00  1.6861E+002
 945.50  1.5610E+002
 946.00  1.5048E+002
 946.50  1.6469E+002
 947.00  1.6886E+002
 947.50  1.6668E+002
 948.00  1.7040E+002
 948.50  1.6496E+002
 949.00  1.5936E+002
 949.50  1.6007E+002
 950.00  1.6100E+002
 950.50  1.5424E+002
 951.00  1.5278E+002
 951.50  1.5868E+002
 952.00  1.6758E+002
 952.50  1.7598E+002
 953.00  2.0947E+002
 953.50  2.1952E+002
 954.00  2.0173E+002
 954.50  1.9108E+002
 955.00  1.7685E+002
 955.50  1.7041E+002
 956.00  1.7954E+002
 956.50  1.9678E+002
 957.00  1.9248E+002
 957.50  1.7785E+002
 958.00  1.7722E+002
 958.50  1.5800E+002
 959.00  1.5774E+002
 959.50  1.5671E+002
 960.00  1.5442E+002
 960.50  1.5894E+002
 961.00  1.7887E+002
 961.50  1.8256E+002
 962.00  1.7989E+002
 962.50  1.7301E+002
 963.00  1.5753E+002
 963.50  1.6741E+002
 964.00  1.8512E+002
 964.50  1.8812E+002
 965.00  1.8479E+002
 965.50  1.8147E+002
 966.00  1.8529E+002
 966.50  1.6729E+002
 967.00  1.5153E+002
 967.50  1.4825E+002
 968.00  1.2785E+002
 968.50  1.3003E+002
 969.00  1.3200E+002
 969.50  1.2598E+002
 970.00  1.1879E+002
 970.50  1.1342E+002
 971.00  1.4791E+002
 971.50  1.6943E+002
 972.00  1.8099E+002
 972.50  1.7581E+002
 973.00  1.6813E+002
 973.50  1.5316E+002
 974.00  1.5467E+002
 974.50  1.5269E+002
 975.00  1.5667E+002
 975.50  1.5327E+002
 976.00  1.4534E+002
 976.50  1.4621E+002
 977.00  1.5737E+002
 977.50  1.5227E+002
 978.00  1.2675E+002
 978.50  1.1174E+002
 979.00  1.0438E+002
 979.50  1.0336E+002
 980.00  9.1846E+001
 980.50  7.1672E+001
 981.00  7.0809E+001
 981.50  8.2581E+001
 982.00  9.3684E+001
 982.50  1.0100E+002
 983.00  1.0398E+002
 983.50  1.0911E+002
 984.00  1.1554E+002
 984.50  1.2205E+002
 985.00  1.2049E+002
 985.50  1.3719E+002
 986.00  1.7641E+002
 986.50  2.0416E+002
 987.00  2.2431E+002
 987.50  2.1552E+002
 988.00  2.0957E+002
 988.50  2.0458E+002
 989.00  2.2128E+002
 989.50  2.6977E+002
 990.00  2.6339E+002
 990.50  2.4919E+002
 991.00  2.3874E+002
 991.50  2.1728E+002
 992.00  1.9957E+002
 992.50  2.0676E+002
 993.00  1.9161E+002
 993.50  1.7453E+002
 994.00  1.8318E+002
 994.50  1.7881E+002
 995.00  1.8101E+002
 995.50  1.9440E+002
 996.00  1.9908E+002
 996.50  1.9274E+002
 997.00  1.9794E+002
 997.50  1.9219E+002
 998.00  1.7372E+002
 998.50  1.6761E+002
 999.00  1.6327E+002
 999.50  1.4923E+002
1000.00  1.3522E+002
1000.50  1.3005E+002
1001.00  1.2954E+002
1001.50  1.3207E+002
1002.00  1.3244E+002
1002.50  1.3785E+002
1003.00  1.3103E+002
1003.50  1.2780E+002
1004.00  1.3329E+002
1004.50  1.3909E+002
1005.00  1.3394E+002
1005.50  1.3173E+002
1006.00  1.4933E+002
1006.50  1.3946E+002
1007.00  1.3260E+002
1007.50  1.2045E+002
1008.00  1.3412E+002
1008.50  1.4049E+002
1009.00  1.3473E+002
1009.50  1.2757E+002
1010.00  1.4679E+002
1010.50  1.4800E+002
1011.00  1.6086E+002
1011.50  1.6414E+002
1012.00  1.7443E+002
1012.50  1.5941E+002
1013.00  1.6526E+002
1013.50  1.5731E+002
1014.00  1.5808E+002
1014.50  1.4153E+002
1015.00  1.1992E+002
1015.50  1.1629E+002
1016.00  1.4244E+002
1016.50  1.4279E+002
1017.00  1.3530E+002
1017.50  1.2672E+002
1018.00  1.3379E+002
1018.50  1.3934E+002
1019.00  1.3658E+002
1019.50  1.2533E+002
1020.00  1.0342E+002
1020.50  9.4528E+001
1021.00  9.8444E+001
1021.50  1.0273E+002
1022.00  1.1968E+002
1022.50  1.4982E+002
1023.00  1.6334E+002
1023.50  1.5325E+002
1024.00  1.4758E+002
1024.50  1.4083E+002
1025.00  1.3043E+002
1025.50  1.1547E+002
1026.00  1.1496E+002
1026.50  1.2758E+002
1027.00  1.4540E+002
1027.50  1.5972E+002
1028.00  1.5851E+002
1028.50  1.6008E+002
1029.00  1.5467E+002
1029.50  1.6843E+002
1030.00  1.6533E+002
1030.50  1.6913E+002
1031.00  1.7000E+002
1031.50  1.5476E+002
1032.00  1.4841E+002
1032.50  1.4425E+002
1033.00  1.4016E+002
1033.50  1.4196E+002
1034.00  1.3700E+002
1034.50  1.3309E+002
1035.00  1.3708E+002
1035.50  1.3881E+002
1036.00  1.3708E+002
1036.50  1.5014E+002
1037.00  1.6050E+002
1037.50  1.6227E+002
1038.00  1.4986E+002
1038.50  1.3419E+002
1039.00  1.1526E+002
1039.50  1.1950E+002
1040.00  1.0498E+002
1040.50  1.0986E+002
1041.00  1.1814E+002
1041.50  1.2386E+002
1042.00  1.1542E+002
1042.50  9.9034E+001
1043.00  8.4188E+001
1043.50  9.1458E+001
1044.00  1.0185E+002
1044.50  1.0858E+002
1045.00  1.0756E+002
1045.50  1.0469E+002
1046.00  1.1646E+002
1046.50  1.3551E+002
1047.00  1.3692E+002
1047.50  1.4040E+002
1048.00  1.4668E+002
1048.50  1.4164E+002
1049.00  1.3581E+002
1049.50  1.2268E+002
1050.00  1.0674E+002
1050.50  1.0789E+002
1051.00  1.1504E+002
1051.50  1.2738E+002
1052.00  1.4621E+002
1052.50  1.6075E+002
1053.00  1.4605E+002
1053.50  1.3234E+002
1054.00  1.1116E+002
1054.50  1.0680E+002
1055.00  1.0289E+002
1055.50  9.1917E+001
1056.00  7.5405E+001
1056.50  7.8261E+001
1057.00  7.3630E+001
1057.50  6.2955E+001
1058.00  6.9450E+001
1058.50  8.3291E+001
1059.00  9.2706E+001
1059.50  1.2945E+002
1060.00  1.6099E+002
1060.50  1.5750E+002
1061.00  1.8146E+002
1061.50  1.9249E+002
1062.00  1.8304E+002
1062.50  1.7128E+002
1063.00  1.7302E+002
1063.50  1.6589E+002
1064.00  1.7171E+002
1064.50  1.6838E+002
1065.00  1.6143E+002
1065.50  1.6663E+002
1066.00  1.6015E+002
1066.50  1.5954E+002
1067.00  1.6874E+002
1067.50  1.7868E+002
1068.00  2.0254E+002
1068.50  2.0721E+002
1069.00  2.0205E+002
1069.50  1.9967E+002
1070.00  1.9935E+002
1070.50  2.1244E+002
1071.00  2.3056E+002
1071.50  2.1023E+002
1072.00  1.8343E+002
1072.50  1.8349E+002
1073.00  1.8392E+002
1073.50  1.7819E+002
1074.00  1.7144E+002
1074.50  1.5153E+002
1075.00  1.4040E+002
1075.50  1.3170E+002
1076.00  1.2044E+002
1076.50  1.1894E+002
1077.00  1.2547E+002
1077.50  1.2978E+002
1078.00  1.1512E+002
1078.50  1.0187E+002
1079.00  9.3577E+001
1079.50  9.9871E+001
1080.00  1.1578E+002
1080.50  1.3203E+002
1081.00  1.5322E+002
1081.50  1.4703E+002
1082.00  1.3538E+002
1082.50  1.2999E+002
1083.00  1.2517E+002
1083.50  1.1539E+002
1084.00  1.2177E+002
1084.50  1.2400E+002
1085.00  1.1903E+002
1085.50  1.2475E+002
1086.00  1.4145E+002
1086.50  1.4749E+002
1087.00  1.4534E+002
1087.50  1.4048E+002
1088.00  1.4092E+002
1088.50  1.3261E+002
1089.00  1.6611E+002
1089.50  1.7377E+002
1090.00  1.6814E+002
1090.50  1.7494E+002
1091.00  1.7096E+002
1091.50  1.6408E+002
1092.00  1.6863E+002
1092.50  1.8590E+002
1093.00  1.8400E+002
1093.50  1.8377E+002
1094.00  1.8072E+002
1094.50  1.8087E+002
1095.00  2.0464E+002
1095.50  2.0092E+002
1096.00  1.9326E+002
1096.50  1.8884E+002
1097.00  1.8447E+002
1097.50  1.6534E+002
1098.00  1.5278E+002
1098.50  1.4931E+002
1099.00  1.5053E+002
1099.50  1.3630E+002
1100.00  1.2567E+002
1100.50  1.2254E+002
1101.00  1.3686E+002
1101.50  1.4990E+002
1102.00  1.4794E+002
1102.50  1.3770E+002
1103.00  1.3229E+002
1103.50  1.2982E+002
1104.00  1.3354E+002
1104.50  1.3479E+002
1105.00  1.3787E+002
1105.50  1.3260E+002
1106.00  1.2699E+002
1106.50  1.2301E+002
1107.00  1.3542E+002
1107.50  1.6333E+002
1108.00  1.8869E+002
1108.50  2.0219E+002
1109.00  2.0309E+002
1109.50  1.8740E+002
1110.00  1.7377E+002
1110.50  1.6800E+002
1111.00  1.6637E+002
1111.50  1.7613E+002
1112.00  1.9240E+002
1112.50  1.9277E+002
1113.00  1.8425E+002
1113.50  1.7918E+002
1114.00  1.7553E+002
1114.50  1.7904E+002
1115.00  1.8328E+002
1115.50  2.0492E+002
1116.00  2.0801E+002
1116.50  1.9655E+002
1117.00  2.0127E+002
1117.50  1.9869E+002
1118.00  1.9244E+002
1118.50  1.7796E+002
1119.00  1.6638E+002
1119.50  1.6325E+002
1120.00  1.4706E+002
1120.50  1.1734E+002
1121.00  9.6708E+001
1121.50  9.0620E+001
1122.00  8.5173E+001
1122.50  6.8502E+001
1123.00  6.2519E+001
1123.50  6.2838E+001
1124.00  6.9793E+001
1124.50  9.1643E+001
1125.00  1.0632E+002
1125.50  9.6535E+001
1126.00  1.0661E+002
1126.50  -2.6681E+003
1127.00  -2.9640E+003
1127.50  -2.2179E+002
